         ThreadNr.             Alpha            Energy     EnergySquared          Variance           BootVar       BlockingVar   AcceptanceRatio        TotalSteps          TimeStep
                 2              0.35         10.612207         113.95982         1.3408765                 0                 0        0.99978161           2097152              0.01
                 5               0.5                10               100                 0                 0                 0        0.99963474           2097152              0.01
                 4              0.55         10.045932         101.01334       0.092590266                 0                 0        0.99959898           2097152              0.01
                 7              0.45         10.048757         101.08514        0.10763529                 0                 0        0.99970102           2097152              0.01
                 3               0.2         14.512392         221.42237         10.812858                 0                 0        0.99990654           2097152              0.01
                 6               0.4         10.238994         105.34204        0.50503952                 0                 0        0.99975491           2097152              0.01
                 1              0.25         12.480106         161.34251         5.5894482                 0                 0        0.99987745           2097152              0.01
                 0               0.3         11.265975         129.76058         2.8384012                 0                 0        0.99983788           2097152              0.01
                 2               0.6         10.150576         103.37774        0.34353779                 0                 0        0.99952793           2097152              0.01
                 7              0.75         10.855648         119.56236         1.7172623                 0                 0        0.99935102           2097152              0.01
                 5              0.65          10.36275         108.12173        0.73514268                 0                 0        0.99948692           2097152              0.01
                 4               0.7          10.59452         113.35625         1.1123839                 0                 0        0.99942017           2097152              0.01
                 3               0.8         11.168495         127.04023         2.3049415                 0                 0        0.99924564           2097152              0.01
                 6              0.85         11.418755         133.47781         3.0898522                 0                 0        0.99919558           2097152              0.01
                 1               0.9         11.773636         142.47667         3.8581744                 0                 0        0.99916029           2097152              0.01
                 0              0.95         12.139571         152.06656         4.6973797                 0                 0        0.99906874           2097152              0.01


Time elpased for 8 thread(s): 6.29519
