         ThreadNr.             Alpha            Energy     EnergySquared          Variance           BootVar       BlockingVar   AcceptanceRatio        TotalSteps          TimeStep
                 4               0.2         1.4661434         3.2658363         1.1162597                 0                 0        0.99990749           2097152              0.01
                 1               0.4         1.0234903         1.0974928       0.049960356                 0                 0        0.99973679           2097152              0.01
                 7              0.35         1.0650902          1.269473        0.13505582                 0                 0        0.99978495           2097152              0.01
                 2              0.55         1.0041243         1.0176756      0.0094099634                 0                 0        0.99958658           2097152              0.01
                 5              0.45         1.0040314         1.0188997       0.010820714                 0                 0        0.99971008           2097152              0.01
                 6               0.5                 1                 1                 0                 0                 0        0.99965954           2097152              0.01
                 3               0.3          1.134343          1.575681        0.28894687                 0                 0        0.99982929           2097152              0.01
                 0              0.25         1.2440567         2.1019201        0.55424308                 0                 0        0.99988937           2097152              0.01
                 4               0.6         1.0166673         1.0669646       0.033352313                 0                 0        0.99951935           2097152              0.01
                 1              0.65         1.0331027         1.1376215       0.070320327                 0                 0        0.99947977           2097152              0.01
                 7               0.7         1.0563414         1.2357482        0.11989107                 0                 0        0.99946547           2097152              0.01
                 2              0.75          1.086965         1.3525716        0.17107875                 0                 0        0.99934196           2097152              0.01
                 5               0.8         1.1148403         1.4798796        0.23701073                 0                 0        0.99927664           2097152              0.01
                 6              0.85         1.1500838         1.6228861        0.30019326                 0                 0        0.99922991           2097152              0.01
                 3               0.9         1.1741689         1.7694623        0.39078984                 0                 0        0.99916744           2097152              0.01
                 0              0.95           1.21193         1.9362922        0.46751788                 0                 0        0.99906588           2097152              0.01


Time elpased for 8 thread(s): 3.1015
