         ThreadNr.             Alpha            Energy     EnergySquared          Variance           BootVar       BlockingVar   AcceptanceRatio        TotalSteps          TimeStep
                 7               0.5               100             10000                 0                 0                 0        0.99964333           2097152              0.01
                 3              0.55         100.41581          10084.17        0.83506797                 0                 0        0.99957991           2097152              0.01
                 4              0.45         100.45465         10092.164         1.0271612                 0                 0        0.99968576           2097152              0.01
                 1              0.35         106.15548         11284.019          15.03308                 0                 0        0.99978781           2097152              0.01
                 6               0.4         102.63965         10539.958         5.0606753                 0                 0        0.99975204           2097152              0.01
                 2              0.25         124.30826         15508.011         55.466231                 0                 0        0.99987602           2097152              0.01
                 5               0.3          113.8743         12999.752         32.395898                 0                 0        0.99984694           2097152              0.01
                 0               0.2          145.9545         21413.509         110.79138                 0                 0        0.99990892           2097152              0.01
                 7               0.6         101.60392         10326.787         3.4308706                 0                 0        0.99953175           2097152              0.01
                 3              0.65         103.25312         10668.228         7.0201741                 0                 0        0.99948788           2097152              0.01
                 6               0.8         111.26126         12404.864         25.795797                 0                 0        0.99928522           2097152              0.01
                 2              0.85          114.7744         13202.216         29.054025                 0                 0        0.99925375           2097152              0.01
                 4               0.7         105.58226         11159.621         12.007626                 0                 0        0.99941158           2097152              0.01
                 1              0.75         108.62218         11817.079         18.300173                 0                 0        0.99932337           2097152              0.01
                 5               0.9         117.66633         13886.279         40.912873                 0                 0        0.99913073           2097152              0.01
                 0              0.95         121.58919          14830.48         46.548958                 0                 0        0.99907494           2097152              0.01


Time elpased for 8 thread(s): 37.8058
