         ThreadNr.             Alpha            Energy     EnergySquared          Variance           BootVar       BlockingVar   AcceptanceRatio        TotalSteps          TimeStep
                 6               0.2         217.22216         47337.168         151.70116                 0                 0        0.99988079           2097152              0.01
                 7               0.4         153.60966          23608.99         13.063723                 0                 0        0.99968243           2097152              0.01
                 2              0.45         150.87294         22770.212         7.5689297                 0                 0        0.99961138           2097152              0.01
                 3               0.3         169.60907             28813         45.763187                 0                 0        0.99980116           2097152              0.01
                 5              0.35          159.2491         25385.197         24.920723                 0                 0         0.9997406           2097152              0.01
                 4              0.55         150.60689         22689.548         7.1140253                 0                 0        0.99948978           2097152              0.01
                 0              0.25         187.10232         35107.945         100.66624                 0                 0        0.99984694           2097152              0.01
                 1               0.5         149.99336         22502.499         4.4897494                 0                 0        0.99957561           2097152              0.01
                 6               0.6         152.36581          23226.26         10.920842                 0                 0        0.99937868           2097152              0.01
                 2               0.7         158.80013         25239.256         21.776057                 0                 0        0.99928379           2097152              0.01
                 7              0.65         155.17421         24094.894         15.858664                 0                 0        0.99933672           2097152              0.01
                 4              0.85         171.74475         29549.836         53.578295                 0                 0         0.9990387           2097152              0.01
                 3              0.75         163.04572         26615.205         31.299129                 0                 0        0.99919176           2097152              0.01
                 1              0.95          181.9826         33194.088         76.421672                 0                 0        0.99882221           2097152              0.01
                 5               0.8         167.19215         27992.466         39.252027                 0                 0        0.99910879           2097152              0.01
                 0               0.9         176.51638         31226.478         68.445741                 0                 0        0.99891376           2097152              0.01


Time elpased for 8 thread(s): 7860.16
