         ThreadNr.             Alpha            Energy     EnergySquared          Variance           BootVar       BlockingVar   AcceptanceRatio        TotalSteps          TimeStep
                 2              0.45         15.080382          227.5857        0.16778069                 0                 0        0.99960661           2097152              0.01
                 4               0.2         21.780629         490.51212         16.116344                 0                 0         0.9998765           2097152              0.01
                 3               0.4         15.349018         236.38547        0.79310749                 0                 0        0.99967432           2097152              0.01
                 6              0.35         16.007201         258.22749          1.996989                 0                 0        0.99971437           2097152              0.01
                 5              0.25         18.629655         355.68541         8.6213594                 0                 0        0.99984312           2097152              0.01
                 0               0.3         17.106597         297.16715         4.5315027                 0                 0        0.99979925           2097152              0.01
                 1               0.5         15.000129         225.00442     0.00056797992                 0                 0        0.99953413           2097152              0.01
                 7              0.55         15.067038         227.14786        0.13221735                 0                 0        0.99945736           2097152              0.01
                 2               0.6         15.240322          232.7829        0.51549801                 0                 0        0.99937153           2097152              0.01
                 3               0.7         15.825073         252.26937         1.8364283                 0                 0        0.99924707           2097152              0.01
                 6              0.75         16.253845         266.77722         2.5897296                 0                 0        0.99915552           2097152              0.01
                 4              0.65         15.524585         242.07039         1.0576607                 0                 0        0.99931049           2097152              0.01
                 5               0.8         16.622871         279.90773         3.5878727                 0                 0        0.99912882           2097152              0.01
                 7              0.95         18.145213         336.23855         6.9897907                 0                 0        0.99882746           2097152              0.01
                 1               0.9         17.622924         316.42952         5.8620822                 0                 0        0.99890852           2097152              0.01
                 0              0.85         17.151372         298.79321         4.6236364                 0                 0        0.99897242           2097152              0.01


Time elpased for 8 thread(s): 102.227
