         ThreadNr.             Alpha            Energy     EnergySquared          Variance           BootVar       BlockingVar   AcceptanceRatio        TotalSteps          TimeStep
                 4              0.45         1.5058653         2.2839668       0.016336349                 0                 0         0.9995985           2097152              0.01
                 3               0.4         1.5386208         2.4431548       0.075800939                 0                 0        0.99967623           2097152              0.01
                 0               0.5         1.5000019         2.2500061     2.8592685e-07                 0                 0        0.99956751           2097152              0.01
                 7              0.55         1.5078151         2.2869684       0.013462039                 0                 0        0.99947548           2097152              0.01
                 2              0.25         1.8795531         4.3853576        0.85263793                 0                 0        0.99982882           2097152              0.01
                 5               0.2         2.1642421         6.2863303         1.6023863                 0                 0        0.99989748           2097152              0.01
                 1              0.35         1.5955457         2.7433995        0.19763343                 0                 0        0.99971104           2097152              0.01
                 6               0.3         1.7016301         3.3246735        0.42912832                 0                 0        0.99978495           2097152              0.01
                 3              0.65         1.5524833         2.5159154          0.105711                 0                 0         0.9993639           2097152              0.01
                 7              0.75         1.6257137         2.9035861        0.26064119                 0                 0        0.99918175           2097152              0.01
                 4               0.6         1.5230705         2.3710058        0.05126215                 0                 0        0.99939919           2097152              0.01
                 0               0.7           1.58619         2.6905073        0.17450859                 0                 0         0.9992609           2097152              0.01
                 1               0.9         1.7720756         3.7191902        0.57893812                 0                 0        0.99891138           2097152              0.01
                 5              0.85         1.7124226         3.4010921        0.46870081                 0                 0        0.99900293           2097152              0.01
                 6              0.95          1.820067         4.0177201        0.70507626                 0                 0        0.99883699           2097152              0.01
                 2               0.8         1.6653549         3.1323093        0.35890218                 0                 0        0.99907827           2097152              0.01


Time elpased for 8 thread(s): 5.84037
