         ThreadNr.             Alpha            Energy     EnergySquared          Variance           BootVar       BlockingVar   AcceptanceRatio        TotalSteps          TimeStep
                 2              0.25         6.2747291         42.167866         2.7956409                 0                 0        0.99992037           2097152              0.01
                 7              0.55         5.0244936         25.289019       0.043482936                 0                 0        0.99974108           2097152              0.01
                 6               0.2         7.2847713         58.593244         5.5253514                 0                 0        0.99993944           2097152              0.01
                 3               0.5         5.0000169         25.000182     1.2552746e-05                 0                 0        0.99976873           2097152              0.01
                 5              0.45         5.0281984         25.336543         0.0537638                 0                 0        0.99980116           2097152              0.01
                 1               0.4         5.1155159         26.420621         0.2521179                 0                 0        0.99985504           2097152              0.01
                 4               0.3         5.6974216         33.957426         1.4968137                 0                 0        0.99988794           2097152              0.01
                 0              0.35          5.334713         29.123065        0.66390152                 0                 0        0.99987268           2097152              0.01
                 6               0.7         5.2813605         28.495108        0.60233871                 0                 0        0.99964476           2097152              0.01
                 7              0.65         5.1467919         26.861899        0.37243178                 0                 0        0.99964857           2097152              0.01
                 2               0.6          5.086234         26.037991        0.16821471                 0                 0        0.99969435           2097152              0.01
                 3              0.75          5.396693         29.994991        0.87069584                 0                 0        0.99959946           2097152              0.01
                 1              0.85         5.7232788          34.28385         1.5279296                 0                 0        0.99951363           2097152              0.01
                 5               0.8         5.5793713         32.277892         1.1485076                 0                 0        0.99954796           2097152              0.01
                 4               0.9         5.8751261         36.424594         1.9074874                 0                 0         0.9994483           2097152              0.01
                 0              0.95         6.0876384         39.428689         2.3693478                 0                 0        0.99938297           2097152              0.01


Time elpased for 8 thread(s): 34.2112
