         ThreadNr.             Alpha            Energy     EnergySquared          Variance           BootVar       BlockingVar   AcceptanceRatio        TotalSteps          TimeStep
                 7               0.3         56.724718         3229.4449         11.751241                 0                 0        0.99989367           2097152              0.01
                 3               0.4         51.301967         2634.6969          2.805073                 0                 0         0.9998312           2097152              0.01
                 4              0.55         50.250327         2525.5674        0.47203255                 0                 0        0.99972486           2097152              0.01
                 5               0.2          72.49851         5311.0345         55.000517                 0                 0        0.99994421           2097152              0.01
                 6              0.45         50.233859         2524.0832        0.64259571                 0                 0        0.99980354           2097152              0.01
                 0              0.25           63.0211         3998.0681         26.409061                 0                 0         0.9999156           2097152              0.01
                 1              0.35         53.431655         2861.9118         6.9700608                 0                 0        0.99985504           2097152              0.01
                 2               0.5         50.001709         2500.2246       0.053696181                 0                 0         0.9997468           2097152              0.01
                 3              0.65          51.65752         2672.1628         3.6633996                 0                 0        0.99966192           2097152              0.01
                 4               0.7          52.54653         2767.1889         6.0511273                 0                 0        0.99961662           2097152              0.01
                 7               0.6         50.865063         2588.8806         1.6259761                 0                 0        0.99970913           2097152              0.01
                 5              0.75         54.147169         2940.2438         8.3278976                 0                 0        0.99956608           2097152              0.01
                 6               0.8         55.942962         3141.4755         11.860463                 0                 0        0.99953461           2097152              0.01
                 2              0.95         60.472978         3682.0608         25.079772                 0                 0        0.99939489           2097152              0.01
                 0              0.85         57.284939         3296.3299         14.765723                 0                 0        0.99946833           2097152              0.01
                 1               0.9         58.860324         3482.8536         18.315769                 0                 0        0.99942064           2097152              0.01


Time elpased for 8 thread(s): 2342.44
