         ThreadNr.             Alpha            Energy     EnergySquared          Variance           BootVar       BlockingVar   AcceptanceRatio        TotalSteps          TimeStep
                 7              0.55         0.5024569         0.2569728      0.0045098565                 0                 0        0.99972963           2097152              0.01
                 3              0.45        0.50367112         0.2594177      0.0057331067                 0                 0        0.99980927           2097152              0.01
                 6               0.4        0.51126391        0.28657823        0.02518745                 0                 0        0.99983597           2097152              0.01
                 4               0.5        0.50000008        0.25000009      7.721441e-09                 0                 0        0.99976826           2097152              0.01
                 5              0.35        0.53291373        0.35149254       0.067495498                 0                 0        0.99986219           2097152              0.01
                 1               0.3         0.5681166        0.46641727         0.1436608                 0                 0         0.9998889           2097152              0.01
                 2              0.25        0.62950215        0.68765377        0.29138081                 0                 0        0.99992132           2097152              0.01
                 0               0.2        0.72609589         1.0786019        0.55138664                 0                 0        0.99993896           2097152              0.01
                 7               0.6        0.50807848         0.2749262       0.016782454                 0                 0        0.99969578           2097152              0.01
                 3              0.65         0.5162816        0.30202249       0.035475806                 0                 0        0.99966431           2097152              0.01
                 4              0.75        0.53887433         0.3814588       0.091073257                 0                 0        0.99958181           2097152              0.01
                 6               0.7        0.52692893        0.33702348       0.059369381                 0                 0         0.9996357           2097152              0.01
                 5               0.8        0.55794347        0.42795584        0.11665493                 0                 0        0.99955463           2097152              0.01
                 2               0.9         0.5914975        0.54004558        0.19017628                 0                 0        0.99946404           2097152              0.01
                 1              0.85        0.57197947        0.48155762         0.1543971                 0                 0        0.99951124           2097152              0.01
                 0              0.95         0.6101018        0.60167742        0.22945321                 0                 0        0.99943256           2097152              0.01


Time elpased for 8 thread(s): 4.21506
