         ThreadNr.             Alpha            Energy     EnergySquared          Variance           BootVar       BlockingVar   AcceptanceRatio        TotalSteps          TimeStep
                 4              0.35         15.963476         256.80977         1.9772224                 0                 0        0.99181843           2097152               0.1
                 1              0.45         15.082754          227.6571         0.1676326                 0                 0        0.98786879           2097152               0.1
                 6              0.55          15.06674         227.14418        0.13753012                 0                 0        0.98357439           2097152               0.1
                 0               0.4         15.364349         236.82023        0.75701781                 0                 0        0.98982239           2097152               0.1
                 3               0.5         14.999972         224.99973     0.00056434781                 0                 0        0.98592949           2097152               0.1
                 5               0.2         21.778578         491.12197          16.81552                 0                 0        0.99636984           2097152               0.1
                 7               0.3         16.997802         293.18681         4.2615433                 0                 0        0.99342537           2097152               0.1
                 2              0.25         18.761886         360.43529          8.426931                 0                 0        0.99500179           2097152               0.1
                 1              0.65         15.524433         242.06146          1.053456                 0                 0        0.97883606           2097152               0.1
                 4               0.6         15.250873         233.09547        0.50634975                 0                 0        0.98113155           2097152               0.1
                 6               0.7         15.849393         252.96287         1.7595988                 0                 0        0.97639132           2097152               0.1
                 0              0.75         16.258274         266.93309         2.6016296                 0                 0        0.97388744           2097152               0.1
                 5              0.85         17.175301         299.62385         4.6329022                 0                 0        0.96852541           2097152               0.1
                 3               0.8         16.698887         282.41834          3.565533                 0                 0        0.97099495           2097152               0.1
                 7               0.9         17.677721         318.30044         5.7986131                 0                 0        0.96565151           2097152               0.1
                 2              0.95         18.194455         338.08409          7.045887                 0                 0         0.9628191           2097152               0.1


Time elpased for 8 thread(s): 115.659
