         ThreadNr.             Alpha            Energy     EnergySquared          Variance           BootVar       BlockingVar   AcceptanceRatio        TotalSteps          TimeStep
                 3               0.5         1.4999993          2.249998     2.9202866e-07                 0                 0        0.98583317           2097152               0.1
                 5              0.55         1.5065021           2.28328       0.013731402                 0                 0        0.98356152           2097152               0.1
                 2              0.25         1.8693651          4.338414        0.84388796                 0                 0        0.99493504           2097152               0.1
                 7               0.3         1.6993575         3.3136084        0.42579259                 0                 0        0.99334383           2097152               0.1
                 1              0.35          1.597665         2.7529306        0.20039709                 0                 0         0.9917841           2097152               0.1
                 6               0.4         1.5379337         2.4415787       0.076338818                 0                 0        0.98976564           2097152               0.1
                 0              0.45         1.5078938         2.2903427       0.016599045                 0                 0        0.98774195           2097152               0.1
                 4               0.2         2.1737819         6.3891402         1.6638122                 0                 0        0.99639559           2097152               0.1
                 2               0.7         1.5857459         2.6906433         0.1760532                 0                 0        0.97637129           2097152               0.1
                 3               0.6         1.5251713         2.3764026       0.050255097                 0                 0        0.98140383           2097152               0.1
                 5              0.65         1.5520328         2.5142689        0.10546307                 0                 0        0.97893715           2097152               0.1
                 7              0.75         1.6239107         2.8990705         0.2619846                 0                 0        0.97377729           2097152               0.1
                 1               0.8         1.6687317         3.1401476        0.35548216                 0                 0        0.97106314           2097152               0.1
                 6              0.85         1.7156194         3.4084692         0.4651194                 0                 0        0.96849394           2097152               0.1
                 4              0.95         1.8214554         4.0234754        0.70577576                 0                 0        0.96251917           2097152               0.1
                 0               0.9         1.7679166         3.7032396        0.57771032                 0                 0        0.96571112           2097152               0.1


Time elpased for 8 thread(s): 6.23401
