         ThreadNr.             Alpha            Energy     EnergySquared          Variance           BootVar       BlockingVar   AcceptanceRatio        TotalSteps          TimeStep
                 5              0.55         150.70023         22717.711         7.1521799                 0                 0        0.98356724           2097152               0.1
                 4               0.5         150.00833         22506.888         4.3880153                 0                 0        0.98573923           2097152               0.1
                 7              0.45         150.83742         22759.351         7.4227893                 0                 0        0.98788977           2097152               0.1
                 1               0.4         153.78895         23664.105         13.063363                 0                 0        0.98982716           2097152               0.1
                 2               0.3         169.85356         28897.027         46.793603                 0                 0         0.9934001           2097152               0.1
                 6              0.35         159.74475         25543.431         25.046841                 0                 0        0.99167442           2097152               0.1
                 3               0.2         217.93358         47661.434         166.38849                 0                 0        0.99637413           2097152               0.1
                 0              0.25         188.08715         35468.116         91.338985                 0                 0        0.99501371           2097152               0.1
                 5               0.6         152.51454         23271.187         10.502201                 0                 0        0.98123789           2097152               0.1
                 4              0.65         155.28657         24129.783         15.866175                 0                 0        0.97902012           2097152               0.1
                 7               0.7         158.49734          25144.42         23.013447                 0                 0        0.97646332           2097152               0.1
                 1              0.75          162.4166         26410.825         31.674282                 0                 0        0.97400904           2097152               0.1
                 6              0.85         171.72754          29540.95         50.602665                 0                 0         0.9684577           2097152               0.1
                 2               0.8         166.99802         27929.436         41.097481                 0                 0        0.97113371           2097152               0.1
                 3               0.9         176.78024         31316.514         65.260681                 0                 0        0.96584225           2097152               0.1
                 0              0.95         181.62506         33064.892         77.230483                 0                 0        0.96307611           2097152               0.1


Time elpased for 8 thread(s): 8296.21
