         ThreadNr.             Alpha            Energy     EnergySquared          Variance           BootVar       BlockingVar   AcceptanceRatio        TotalSteps          TimeStep
                 0               0.2         21.330403         471.99112         17.005035                 0                 0        0.99662781             65536               0.1
                 0        0.28097636         17.610921         315.41142            5.2669                 0                 0        0.99359131             65536               0.1
                 0        0.31176753         16.630903          280.3562         3.7692835                 0                 0        0.99320984             65536               0.1
                 0        0.33643545         16.147967         263.25509         2.4982426                 0                 0        0.99214172             65536               0.1
                 0        0.35469597          15.97651         257.13086         1.8819811                 0                 0        0.99168396             65536               0.1
                 0        0.36984992         15.717507         248.60583         1.5658057                 0                 0        0.99098206             65536               0.1
                 0        0.38368078         15.500921         241.33368         1.0551433                 0                 0        0.99055481             65536               0.1
                 0        0.39394591         15.443465         239.32335        0.82273695                 0                 0         0.9899292             65536               0.1
                 0        0.40262396         15.345307          236.1611        0.68265315                 0                 0        0.98927307             65536               0.1
                 0        0.41039074          15.31978         235.28763        0.59197813                 0                 0        0.98936462             65536               0.1
                 0        0.41764721         15.232294         232.49188          0.469099                 0                 0        0.98921204             65536               0.1
                 0        0.42385462         15.163676         230.34323        0.40614662                 0                 0        0.98931885             65536               0.1
                 0        0.42962807         15.210684         231.72535         0.3604324                 0                 0        0.98829651             65536               0.1
                 0        0.43513761          15.13301         229.28412        0.27612852                 0                 0        0.98823547             65536               0.1
                 0        0.43969003          15.11091         228.58172        0.24211553                 0                 0        0.98788452             65536               0.1
                 0        0.44396221         15.086989         227.82266        0.20543131                 0                 0        0.98733521             65536               0.1
                 0        0.44784577         15.127002           228.997        0.17081488                 0                 0        0.98806763             65536               0.1
                 0        0.45130118         15.063483         227.05708        0.14855314                 0                 0        0.98797607             65536               0.1
                 0        0.45450778         15.040204         226.33125        0.12350264                 0                 0        0.98754883             65536               0.1
                 0        0.45735198         15.033204         226.12346        0.12624495                 0                 0        0.98768616             65536               0.1
                 0          0.460444         15.041471         226.34607        0.10023236                 0                 0        0.98752213            262144               0.1
                 0         0.4630823         15.048486         226.54349       0.086559964                 0                 0        0.98772812            262144               0.1
                 0        0.46551685         15.035502         226.14459       0.078271081                 0                 0        0.98729706            262144               0.1
                 0        0.46786776         15.037388         226.18873       0.065704188                 0                 0        0.98729706            262144               0.1
                 0        0.46998045           15.0204         225.66894       0.056529583                 0                 0        0.98720169            262144               0.1
                 0        0.47192182         15.016205         225.53607       0.049656998                 0                 0        0.98713684            262144               0.1
                 0        0.47374144         15.015595          225.5113       0.043192728                 0                 0           0.98666            262144               0.1
                 0        0.47543069         15.017061         225.55025       0.038139595                 0                 0        0.98679733            262144               0.1
                 0        0.47702212         15.011519         225.37805       0.032355814                 0                 0        0.98656845            262144               0.1
                 0        0.47846337         15.011276         225.36764       0.029240731                 0                 0        0.98667908            262144               0.1
                 0        0.47985097         15.017023         225.53744       0.026461177                 0                 0        0.98653793            262144               0.1
                 0        0.48119125          15.00668         225.22338        0.02292468                 0                 0        0.98649216            262144               0.1
                 0        0.48243344         15.009529         225.30488       0.018914413                 0                 0        0.98655319            262144               0.1
                 0        0.48352943         15.010813         225.34128        0.01677084                 0                 0        0.98628235            262144               0.1
                 0        0.48456471         15.008282         225.26376       0.015226048                 0                 0        0.98630524            262144               0.1
                 0        0.48556662         15.007424         225.23599       0.013206269                 0                 0        0.98622513            262144               0.1
                 0          0.486495         15.006092         225.19394       0.011160879                 0                 0        0.98606873            262144               0.1
                 0        0.48733274         15.004362         225.14064      0.0097580977                 0                 0        0.98609161            262144               0.1
                 0        0.48811296         15.003038         225.09984      0.0086863609                 0                 0        0.98646927            262144               0.1
                 0        0.48885249         15.003741         225.11963      0.0073988415                 0                 0        0.98640442            262144               0.1
                 0        0.48952369         15.002901         225.09362       0.006595017                 0                 0        0.98610878            524288               0.1
                 0        0.49015988         15.003624         225.11483      0.0060953606                 0                 0        0.98616028            524288               0.1
                 0        0.49078547         15.000581         225.02259      0.0051656379                 0                 0        0.98614502            524288               0.1
                 0        0.49135128         15.003212         225.10095      0.0045746227                 0                 0        0.98610115            524288               0.1
                 0        0.49188483         15.002308         225.07329      0.0040318109                 0                 0        0.98601723            524288               0.1
                 0        0.49238572         15.002157         225.06825      0.0035369782                 0                 0         0.9858036            524288               0.1
                 0        0.49285381          15.00179         225.05675      0.0030524898                 0                 0         0.9861927            524288               0.1
                 0        0.49328403         15.001547         225.04911      0.0026884785                 0                 0        0.98607445            524288               0.1
                 0        0.49368705         15.001003          225.0325      0.0024171399                 0                 0        0.98608971            524288               0.1
                 0        0.49407237         15.001077         225.03444      0.0021252072                 0                 0        0.98601723            524288               0.1
                 0        0.49443303         15.001341         225.04211      0.0018954508                 0                 0        0.98578835            524288               0.1
                 0        0.49477542         15.001803          225.0558      0.0016905886                 0                 0        0.98589897            524288               0.1
                 0         0.4951007         15.000967         225.03044      0.0014376442                 0                 0        0.98618698            524288               0.1
                 0        0.49539558          15.00079           225.025      0.0013039253                 0                 0        0.98598671            524288               0.1
                 0        0.49568008         15.000171         225.00623       0.001104114                 0                 0        0.98616982            524288               0.1
                 0        0.49593678         15.000205         225.00714     0.00099790017                 0                 0        0.98565102            524288               0.1
                 0        0.49618338         15.000348         225.01132     0.00087854033                 0                 0        0.98598671            524288               0.1
                 0        0.49641445         14.999983         225.00026     0.00077063513                 0                 0        0.98555756            524288               0.1
                 0        0.49663015         15.000588         225.01833     0.00070099006                 0                 0        0.98582077            524288               0.1
                 0        0.49683887         15.000343         225.01089     0.00060895838                 0                 0        0.98599243            524288               0.1
                 0        0.49703212         15.000392          225.0123     0.00053244552                 0                 0        0.98583412           1048576               0.1
                 0        0.49721205         15.000158         225.00521     0.00046448831                 0                 0        0.98576355           1048576               0.1
                 0        0.49737913         15.000288         225.00905     0.00041711947                 0                 0        0.98595715           1048576               0.1
                 0         0.4975387         15.000564         225.01728     0.00036928747                 0                 0        0.98587418           1048576               0.1
                 0        0.49768911         15.000043          225.0016     0.00031437657                 0                 0        0.98598671           1048576               0.1
                 0        0.49782546         15.000291         225.00901     0.00028399661                 0                 0        0.98583698           1048576               0.1
                 0        0.49795635          15.00033         225.01015     0.00024957475                 0                 0         0.9857893           1048576               0.1
                 0        0.49807872         15.000096         225.00309     0.00022458846                 0                 0        0.98569965           1048576               0.1
                 0        0.49819584          15.00013         225.00411     0.00019638901                 0                 0        0.98593426           1048576               0.1
                 0        0.49830489         14.999967         224.99919     0.00017065816                 0                 0        0.98589134           1048576               0.1
                 0        0.49840574         14.999901         224.99718     0.00015208183                 0                 0        0.98586559           1048576               0.1
                 0        0.49850128         15.000069         225.00222     0.00013543937                 0                 0        0.98591614           1048576               0.1
                 0        0.49859179         15.000222         225.00679     0.00012035411                 0                 0        0.98588181           1048576               0.1
                 0        0.49867737         15.000059         225.00189     0.00010685947                 0                 0        0.98574543           1048576               0.1
                 0        0.49875827         15.000003         225.00019     9.2885151e-05                 0                 0        0.98594379           1048576               0.1
                 0        0.49883317         15.000106         225.00325     8.2902363e-05                 0                 0        0.98572254           1048576               0.1
                 0         0.4989043         15.000123         225.00375     7.3142914e-05                 0                 0        0.98585606           1048576               0.1
                 0        0.49897113         15.000019         225.00063     6.4212994e-05                 0                 0        0.98576069           1048576               0.1
                 0        0.49903361         14.999914         224.99748     5.5914758e-05                 0                 0        0.98574352           1048576               0.1
                 0        0.49909152         15.000131         225.00398     5.0250081e-05                 0                 0        0.98571014           1048576               0.1
