         ThreadNr.             Alpha            Energy     EnergySquared          Variance           BootVar       BlockingVar   AcceptanceRatio        TotalSteps        StepLength
                 0              0.55         1.5073824         2.2858499       0.013648091                 0                 0         0.7224226           2097152                 1
                 1               0.3         1.6988488         3.3141636        0.42807641                 0                 0        0.79298973           2097152                 1
                 2              0.45         1.5079879         2.2907598       0.016732206                 0                 0        0.74854088           2097152                 1
                 5              0.35         1.5948225         2.7406178        0.19715902                 0                 0        0.77752924           2097152                 1
                 6              0.25         1.8752644           4.36009        0.84347331                 0                 0        0.81085682           2097152                 1
                 4               0.2         2.1756751         6.3873218         1.6537595                 0                 0        0.82990122           2097152                 1
                 3               0.4         1.5389713         2.4446471       0.076214411                 0                 0         0.7619195           2097152                 1
                 7               0.5         1.5000004         2.2500016      2.899256e-07                 0                 0        0.73512459           2097152                 1
                 1              0.65         1.5521131         2.5147413        0.10568618                 0                 0         0.6999836           2097152                 1
                 0               0.6         1.5254599         2.3772697       0.050241822                 0                 0        0.71152067           2097152                 1
                 6               0.8         1.6706151         3.1455848        0.35463002                 0                 0         0.6697278           2097152                 1
                 4              0.85         1.7165424         3.4073854        0.46086749                 0                 0        0.66024303           2097152                 1
                 5              0.75         1.6254571         2.9036315        0.26152073                 0                 0        0.68017864           2097152                 1
                 2               0.7         1.5882614         2.6974206        0.17484643                 0                 0         0.6900444           2097152                 1
                 7              0.95         1.8183465         4.0151727        0.70878871                 0                 0        0.64267111           2097152                 1
                 3               0.9         1.7653381         3.6971518        0.58073331                 0                 0        0.65112114           2097152                 1


Time elpased for 8 thread(s): 3.67743
