         ThreadNr.             Alpha            Energy     EnergySquared          Variance           BootVar       BlockingVar   AcceptanceRatio        TotalSteps        StepLength
                 4               0.2         218.16644         47762.004         165.40808                 0                 0        0.83036947           2097152                 1
                 3              0.45         150.84162         22760.609         7.4131606                 0                 0        0.74827242           2097152                 1
                 5              0.35         159.57692         25488.708         23.913622                 0                 0        0.77663231           2097152                 1
                 0              0.25         187.29885         35161.653         80.792072                 0                 0        0.81113863           2097152                 1
                 6              0.55         150.69009          22714.68         7.1762965                 0                 0        0.72306776           2097152                 1
                 2               0.4          153.9098         23701.576         13.349307                 0                 0        0.76219988           2097152                 1
                 1               0.3         170.33888         29064.018         48.684723                 0                 0        0.79266167           2097152                 1
                 7               0.5         149.98986         22501.367         4.4080676                 0                 0        0.73451662           2097152                 1
                 4               0.6         152.60554          23298.78         10.328818                 0                 0         0.7118516           2097152                 1
                 3              0.65         155.13432         24082.321         15.663007                 0                 0        0.69971609           2097152                 1
                 5               0.7         158.58319         25171.633         23.004199                 0                 0         0.6899209           2097152                 1
                 6               0.8           167.206         27997.871         40.022789                 0                 0        0.66976595           2097152                 1
                 0              0.75         162.40236         26406.355         31.829498                 0                 0        0.67954636           2097152                 1
                 2              0.85         171.57873         29492.973         53.711529                 0                 0        0.66023493           2097152                 1
                 1               0.9         176.65818         31271.474         63.361448                 0                 0         0.6513176           2097152                 1
                 7              0.95         181.78468         33122.253         76.581267                 0                 0        0.64288902           2097152                 1


Time elpased for 8 thread(s): 7669.45
