         ThreadNr.             Alpha            Energy     EnergySquared          Variance           BootVar       BlockingVar   AcceptanceRatio        TotalSteps        StepLength
                 3              0.25         18.777565         360.97802         8.3810748                 0                 0        0.81034756           2097152                 1
                 5               0.2         21.714824         488.05165         16.518074                 0                 0        0.83090544           2097152                 1
                 6              0.55         15.068169          227.1852        0.13549045                 0                 0        0.72327089           2097152                 1
                 1              0.45         15.087445          227.7986        0.16759842                 0                 0        0.74835014           2097152                 1
                 0               0.4         15.370553         236.99994        0.74604215                 0                 0        0.76213074           2097152                 1
                 7               0.5         15.000059         225.00234     0.00056381134                 0                 0         0.7349844           2097152                 1
                 2              0.35         15.962832         256.79929         1.9872673                 0                 0        0.77721834           2097152                 1
                 4               0.3         17.003406         293.43716         4.3213558                 0                 0         0.7929163           2097152                 1
                 5              0.65         15.524607         242.07087          1.057449                 0                 0        0.70069838           2097152                 1
                 6               0.7         15.847501         252.89983         1.7565371                 0                 0        0.68949127           2097152                 1
                 3               0.6         15.244753         232.91014        0.50763639                 0                 0        0.71101904           2097152                 1
                 1              0.75         16.251941         266.71929         2.5937015                 0                 0        0.67916632           2097152                 1
                 0               0.8         16.649936          280.8214         3.6010514                 0                 0        0.66976118           2097152                 1
                 2               0.9          17.65385         317.45911         5.8007071                 0                 0        0.65073299           2097152                 1
                 4              0.95         18.178962         337.55795         7.0832818                 0                 0        0.64218235           2097152                 1
                 7              0.85         17.153346         298.84419         4.6068978                 0                 0        0.66009951           2097152                 1


Time elpased for 8 thread(s): 97.3866
