numberOfBins: 100 min: -4 max: 4
                 0                 0                 0
                 0                 0                 0
                 0                 0                 0
                 0                 0                 0
                 0                 0                 0
                 2                 0                 0
                16                 4                 0
                36                 7                 0
                45                 8                 0
                33                15                 0
                51                38                 0
               124               160                 0
               124                89                 0
               299               172                 0
               196               232                 0
               537               318                 0
               936               739                 0
              1082               976                 0
              1414              1893                 0
              2399              2781                 0
              3870              4382                 0
              5039              6694                 0
              8043              8530                 0
             11109             10746                 0
             16578             17707                18
             22083             21467                48
             28434             28822               146
             38561             40138               119
             52129             52790               301
             66749             67146              1362
             87361             87361              1786
            109805            114566              4364
            135746            138600              6753
            173011            172907             12771
            209162            212272             22780
            252369            252569             38493
            298774            302029             62497
            357676            356106            101987
            416469            414446            154026
            469476            473264            226324
            536265            540188            320369
            597642            596873            441121
            663796            661903            585075
            718987            727393            746061
            764268            776901            914874
            820915            819952       1.10263e+06
            863017            870732       1.27413e+06
            892037            894515       1.40664e+06
            916650            912190       1.49684e+06
            932821            925156       1.57058e+06
            933633            925485       1.56314e+06
            923085            919819       1.50781e+06
            889811            894947       1.40648e+06
            858862            866030       1.26725e+06
            825560            817149       1.09804e+06
            771087            772470            917446
            723961            716109            747474
            659093            651789            585769
            596816            596432            447586
            530726            532951            316408
            471767            466773            223002
            411352            410077            152543
            353248            351445             99668
            302516            299560             60915
            254125            252174             37045
            210410            207141             22205
            173156            167843             12921
            140181            141914              6519
            111863            112253              3388
             86916             87413              1855
             67293             67888               865
             53086             52469               574
             40778             39691               301
             30157             29389               193
             21247             22756                26
             16106             15715                 4
             11843             11426                 0
              8116              8669                 0
              6088              6138                 0
              4061              3927                 0
              3082              2438                 0
              2108              2052                 0
              1197              1217                 0
               771               765                 0
               586               377                 0
               206               283                 0
               295               207                 0
                67               202                 0
                97                80                 0
                31                86                 0
                 1               104                 0
                 0                77                 0
                 0                13                 0
                 0                 0                 0
                 0                 0                 0
                 0                 0                 0
                 0                 0                 0
                 0                 0                 0
                 0                 0                 0
                 0                 0                 0
