numberOfBins: 100 min: -4 max: 4
                 0                 0                 0
                 0                 0                 0
                 0                 0                 0
                 0                 0                 0
                 0                 0                 0
                24                 0                41
                59                 0                49
                 4                12                 0
               145               196               229
                74               190               387
               123               231               454
               268               196               601
               709               613               923
               823               831              1109
              2218              2442              2290
              2766              2212              3072
              4506              3538              4358
              5849              6328              6951
              7582              8902              9237
             12444             12896             14527
             18886             19871             21871
             27629             30259             28513
             39957             47650             40918
             52586             58369             57715
             79264             83803             78736
            109196            114039            111837
            147971            147150            149118
            189451            193046            194014
            267113            257838            258312
            340515            328157            328390
            433681            418727            427607
            557850            542025            541310
            679490            677623            694710
            869654            870633            855768
       1.04527e+06       1.02922e+06       1.05502e+06
       1.24623e+06       1.25042e+06       1.25646e+06
       1.49806e+06       1.48899e+06       1.52067e+06
       1.77367e+06       1.75059e+06       1.74192e+06
        2.0403e+06         2.057e+06       2.06582e+06
        2.3594e+06       2.37624e+06       2.33188e+06
       2.66154e+06       2.65369e+06       2.67695e+06
       2.96145e+06       2.98471e+06       2.96189e+06
       3.31044e+06       3.28242e+06       3.29071e+06
       3.60506e+06       3.55354e+06       3.61747e+06
       3.87729e+06       3.83974e+06       3.83806e+06
       4.13259e+06       4.10317e+06       4.13627e+06
         4.313e+06       4.34803e+06       4.33248e+06
       4.52003e+06        4.4785e+06       4.50346e+06
       4.60964e+06         4.608e+06       4.59516e+06
        4.6482e+06       4.66788e+06       4.67867e+06
       4.70682e+06       4.67097e+06       4.64478e+06
       4.59099e+06       4.65109e+06       4.61135e+06
       4.48488e+06       4.50981e+06       4.50903e+06
       4.33633e+06        4.3434e+06       4.32678e+06
       4.08836e+06       4.10733e+06       4.09991e+06
       3.85993e+06       3.85113e+06       3.88975e+06
       3.62301e+06        3.6085e+06        3.5793e+06
       3.27755e+06        3.2908e+06       3.30152e+06
       2.97268e+06        2.9671e+06       2.96254e+06
       2.66306e+06       2.66198e+06       2.66035e+06
       2.33843e+06       2.36784e+06       2.33884e+06
       2.03209e+06        2.0561e+06        2.0638e+06
       1.77516e+06       1.75992e+06       1.77117e+06
        1.4695e+06         1.507e+06       1.50447e+06
       1.25427e+06       1.25946e+06       1.25706e+06
       1.02963e+06       1.04766e+06       1.05519e+06
            858168            859049            840307
            693266            704762            682126
            558712            546824            554388
            451777            427167            430928
            346507            346239            333717
            261826            265327            265764
            193109            206876            207564
            156294            145625            146519
            110036            113628            113058
             83999             84984             78044
             58346             59000             55654
             41519             42670             45005
             29332             31276             28176
             20125             23846             20684
             13859             11682             15155
              8585             10144              9869
              5896              6137              6495
              3325              3987              6132
              2239              3438              2608
              1571              2244              1852
              1663               728               919
               817              1060               158
               233               458               135
               358               103                 0
               196               205               125
                60                77                 0
                 0                 0                 0
                10                 0               423
                85                38                 0
                 0                 0                 0
                 0                 0                 0
                 0                 0                 0
                 0                 0                 0
                 0                 0                 0
