numberOfBins: 100 min: -4 max: 4
                 0                 0                 0
                 0                 0                 0
                 0                 0                 0
                 0                 0                 0
                 0                 0                 0
                 0                 0                 0
                 0                 0                 0
                49                31                 0
               116               294                 0
               214               251                 0
               271               317                 0
               274               551                 0
               992               716                 0
              1649              2049                 0
              2057              3011                 0
              3850              3908                 0
              5338              6184                 0
              8633              9834                 0
             12548             10822                 0
             17491             16992                 0
             24361             26552                 0
             36822             36205                 0
             49298             51246                 6
             70967             72189               137
             95760             93661               134
            139801            136734               325
            178461            175123               683
            234916            231823               953
            302166            294208              2681
            397234            387991              4817
            500168            503411             13164
            633665            623184             20785
            781305            764254             38051
            951667            933013             70110
       1.13616e+06       1.13023e+06            130680
       1.37419e+06       1.34382e+06            216808
       1.60588e+06       1.55097e+06            346902
       1.84516e+06       1.83749e+06            549636
       2.12081e+06       2.12976e+06            821083
       2.45514e+06       2.40183e+06       1.20545e+06
        2.6918e+06       2.70939e+06       1.66872e+06
         2.985e+06       2.96289e+06       2.27907e+06
       3.28184e+06       3.22914e+06       2.99069e+06
       3.49937e+06       3.53429e+06       3.79824e+06
       3.77887e+06       3.79298e+06       4.63733e+06
       3.97098e+06       3.99122e+06       5.49647e+06
       4.19935e+06       4.19409e+06        6.2871e+06
        4.3028e+06       4.34757e+06       6.91559e+06
       4.38865e+06       4.42756e+06        7.3439e+06
       4.49623e+06       4.45704e+06       7.58994e+06
       4.46026e+06        4.4841e+06       7.56076e+06
       4.35431e+06       4.40857e+06       7.38523e+06
        4.2492e+06        4.3616e+06       6.86466e+06
       4.15831e+06       4.17475e+06       6.24836e+06
       3.99633e+06       4.03162e+06       5.47545e+06
       3.75822e+06       3.79096e+06       4.62379e+06
       3.51126e+06       3.52498e+06       3.81425e+06
       3.23647e+06       3.24121e+06       3.00544e+06
       2.97445e+06       2.97863e+06       2.30358e+06
       2.69103e+06        2.6992e+06       1.70675e+06
       2.38053e+06       2.42027e+06       1.19327e+06
        2.1084e+06       2.11224e+06            837027
       1.84352e+06       1.84299e+06            544095
       1.57889e+06       1.57855e+06            347476
       1.36126e+06        1.3417e+06            222549
        1.1258e+06       1.12429e+06            131958
            935928            914000             72840
            784705            777185             44535
            628034            610019             21149
            500799            477225             13192
            405943            378429              6429
            316291            295305              3280
            244667            227509              1468
            186337            172486               298
            140638            131045               166
            103675             98071                33
             71161             69879               134
             51173             48079                 0
             35395             38329                 0
             27614             25078                 0
             18046             17923                 0
             13187             12516                 0
              8721              7094                 0
              5912              5718                 0
              2871              3873                 0
              2069              3274                 0
              1208              1470                 0
              1162               876                 0
               533               809                 0
               343               133                 0
                77               263                 0
               148               531                 0
               158                 0                 0
                41                19                 0
               127                10                 0
                56                 0                 0
                37                 0                 0
                 0                 0                 0
                 0                 0                 0
                 0                 0                 0
