numberOfBins: 100 min: -4 max: 4
                 0                 0                 0
                 0                 0                 0
                 0                 0                 0
                 0                 0                 0
                 0               120                 0
                 0                 0                 0
                 0               658                28
                 0               230                 0
               243               154               100
               256               915                48
               296               382               565
               682              1393              1400
              1285              2964              1880
              3098              1704              2013
              3275              4302              7244
              4542              6236              5506
              8389              9920              7902
             14248             11372             16152
             20206             22322             19955
             26708             35078             33617
             38407             51993             46150
             62153             59144             62076
             84858             88596             79754
            112567            134733            117290
            166898            174644            167734
            225938            236870            217902
            309335            313371            304542
            406870            417279            397903
            534591            560429            542295
            676928            715775            682550
            900219            909179            884482
       1.10076e+06        1.0918e+06        1.1136e+06
       1.38888e+06       1.38909e+06        1.3804e+06
       1.71745e+06       1.71962e+06        1.7273e+06
       2.13454e+06       2.09895e+06        2.1082e+06
       2.54337e+06       2.53211e+06       2.50604e+06
       3.02302e+06       3.00865e+06        2.9787e+06
       3.54291e+06       3.53018e+06       3.54241e+06
       4.12252e+06       4.14277e+06       4.13551e+06
       4.74108e+06       4.69044e+06       4.68666e+06
        5.3034e+06       5.31041e+06       5.37636e+06
       6.00918e+06       5.96178e+06       5.95012e+06
       6.64811e+06       6.52842e+06       6.63996e+06
       7.20687e+06       7.13752e+06       7.18225e+06
        7.6994e+06       7.67425e+06       7.68458e+06
        8.1858e+06       8.19173e+06       8.28378e+06
       8.65152e+06       8.66886e+06       8.68468e+06
       8.99157e+06       9.00016e+06       8.94364e+06
       9.15911e+06       9.10097e+06       9.21506e+06
       9.32942e+06       9.26006e+06       9.32518e+06
       9.23882e+06       9.27295e+06       9.34584e+06
        9.2017e+06       9.20491e+06       9.22493e+06
       8.95139e+06       8.93065e+06       8.96899e+06
       8.65286e+06       8.57742e+06       8.66014e+06
       8.15546e+06       8.15662e+06       8.19262e+06
       7.63482e+06       7.71701e+06       7.73993e+06
       7.19558e+06       7.22095e+06       7.14956e+06
       6.56394e+06       6.57979e+06       6.54317e+06
        5.9663e+06       5.99959e+06       6.00433e+06
       5.33074e+06       5.33575e+06         5.259e+06
       4.72052e+06       4.71444e+06       4.73871e+06
       4.07183e+06       4.10348e+06       4.04491e+06
       3.57592e+06       3.55278e+06        3.4721e+06
       2.93348e+06       3.00902e+06       3.01442e+06
       2.52874e+06       2.53198e+06       2.51053e+06
        2.0696e+06       2.13249e+06       2.08022e+06
       1.74338e+06       1.74567e+06       1.69117e+06
       1.39503e+06        1.3892e+06       1.39326e+06
        1.1108e+06       1.09746e+06       1.07862e+06
            884484            881874            876417
            684586            715439            667426
            524807            527595            522423
            400748            423482            400094
            306533            299761            292558
            208520            232653            218613
            167425            169064            165003
            121491            118364            119947
             81373             86412             86887
             59960             62621             60018
             39931             45839             42965
             32962             29693             22667
             21185             17388             20437
             14429             10790             14258
             10492             10320             11051
              5906              5677              5204
              3332              3867              5362
              2751              1450              3078
               867               926              1940
               650              1061              1552
                84               457               621
               201               443               365
               423               205               138
                 0               141                87
                14                 0                96
               212                 0                 0
                 0                 0                 0
                 0                 0                 0
                 0                 0                 0
                 0                 0                 0
                 0                 0                 0
