numberOfBins: 100 min: -4 max: 4
                 0                 0                 0
                 0                 0                 0
                 0                 0                 0
                 0                 0                 0
                 0                 0                 0
                 3                 0                 0
                 0                16                44
                36                 8                 0
                23                16                27
                25                32               101
                35               140                40
                12                56                92
               106               102                97
               257               245               198
               282               242               434
               411               415               353
               689              1061               810
              1191              1196               950
              1783              1834              1927
              2401              2540              2738
              3490              3537              3888
              5499              5347              6018
              7446              8424              8107
             11528             11583             11470
             15172             15893             15320
             21154             22518             20702
             29077             28490             27452
             37307             39067             38461
             50264             50588             50092
             66524             66423             66795
             82882             84603             86268
            107772            108159            105717
            133347            135512            135073
            170908            168926            169960
            201376            208991            204154
            247676            246352            247179
            294663            301082            293737
            347247            348374            352818
            407409            406715            407892
            466692            472853            462125
            535384            533890            529898
            599049            592867            597231
            655648            660917            664078
            722966            721038            722337
            777431            774675            776592
            829409            834539            827621
            871360            874213            874609
            898712            908348            907301
            922081            929113            932700
            934065            936090            940450
            932222            938010            939545
            927713            937385            929204
            905791            898482            899405
            871645            870457            866523
            824705            819995            829253
            777716            771943            772446
            719686            719994            722069
            658538            661975            657583
            599183            590676            598517
            535086            524621            533547
            472265            461388            468291
            406650            413027            410194
            349575            350943            347285
            296775            299934            298173
            252086            249590            242072
            206323            205305            205720
            173731            168441            170963
            139076            134457            133455
            110185            107378            107197
             88280             85170             85213
             67645             65846             67254
             51882             49079             50305
             40109             36573             38277
             28839             28851             29560
             21375             21151             22689
             16739             15376             16411
             11530             11466             11068
              7471              8416              8316
              5725              6151              4953
              4224              4399              4219
              2732              2473              2460
              1737              1759              1864
              1216               946              1384
               946              1045               922
               467               595               581
               312               491               236
               284               268               298
               136               187                97
                40                73                71
                21               119                35
                67                29                 0
                 0                 6                 5
                 0                 8                 4
                 0                12                 0
                 0                 0                 0
                 0                 0                 0
                 0                 0                 0
                 0                 0                 0
                 0                 0                 0
                 0                 0                 0
