numberOfBins: 100 min: -4 max: 4
                 0                 0                 0
                 0               170                 0
                 0                 0                 0
                 0                 0                 0
                 0                70                 0
               219                 0                 0
                 0                33                 0
               510               231                 0
                86                73                 0
               386               738                 0
               782               862                 0
              2213              1349                 0
              1908              2283                 0
              2453              3329                 0
              5444              6696                 0
              9595             10165                 0
             15830             14082                 0
             20877             21913                 0
             29436             28156                 0
             44746             49044                 0
             62025             60817                 0
             88522             91215                 0
            123297            129114                 0
            169843            172679               144
            235661            233705               286
            318936            300039              1098
            418200            419631              1023
            551949            524613              2544
            698138            695515              7184
            912634            913271             12773
       1.13492e+06       1.09846e+06             26695
       1.41517e+06       1.38783e+06             56489
       1.72404e+06       1.68985e+06             99021
       2.11221e+06       2.02487e+06            169089
        2.4696e+06       2.44905e+06            305085
       2.85781e+06       2.88927e+06            470969
       3.34727e+06       3.35079e+06            795563
        3.8816e+06       3.88746e+06       1.20811e+06
       4.38326e+06       4.37531e+06       1.83654e+06
       4.92248e+06       4.92915e+06       2.57518e+06
       5.44585e+06       5.38711e+06       3.47704e+06
        5.9522e+06        5.9432e+06       4.78294e+06
       6.47167e+06       6.50168e+06       6.17472e+06
       6.84718e+06        6.9805e+06       7.62234e+06
       7.38553e+06       7.38093e+06       9.31709e+06
       7.74428e+06       7.76741e+06       1.09675e+07
        8.0714e+06        8.0461e+06       1.23527e+07
       8.25545e+06       8.22358e+06       1.34245e+07
       8.38413e+06       8.46206e+06       1.43134e+07
       8.45568e+06       8.51407e+06       1.47367e+07
       8.43217e+06       8.53435e+06       1.47294e+07
       8.39821e+06       8.42409e+06        1.4267e+07
       8.24712e+06       8.33582e+06       1.34705e+07
       7.89037e+06       8.00028e+06       1.23106e+07
       7.71138e+06        7.6079e+06       1.08975e+07
       7.37913e+06       7.29005e+06       9.35935e+06
       6.95682e+06       6.86572e+06       7.75094e+06
       6.44253e+06       6.39249e+06       6.18546e+06
       6.03099e+06        5.9968e+06       4.77303e+06
        5.4893e+06       5.44436e+06       3.58493e+06
       4.93133e+06       4.93334e+06       2.61249e+06
       4.32623e+06       4.41501e+06       1.82445e+06
       3.82954e+06       3.84028e+06       1.23411e+06
       3.33682e+06       3.29829e+06            776796
       2.90651e+06       2.88398e+06            508925
       2.46662e+06       2.45994e+06            303431
       2.08707e+06       2.07819e+06            171628
       1.68142e+06       1.71303e+06             99862
       1.37954e+06       1.40575e+06             53880
       1.13187e+06       1.12145e+06             29881
            892577            911897             19532
            703870            720436              7980
            546332            550266              3761
            402900            403988              2334
            308735            302609               165
            228886            236569               301
            177418            172865                 0
            129203            123350               176
             91879             94581                17
             66350             59833                 0
             47046             43016                 0
             32098             26752                 0
             21569             19721                 0
             11352             13411                 0
              8927              7441                 0
              5724              6965                 0
              2997              3587                 0
              2728              2842                 0
              1748              1832                 0
              1189              1105                 0
               632              1232                 0
                 0               894                 0
               243               225                 0
                 0                 5                 0
                 6                63                 0
               299               121                 0
                10                 0                 0
               108                 0                 0
                 0                 0                 0
                 0                 0                 0
