         ThreadNr.             Alpha            Energy     EnergySquared          Variance           BootVar       BlockingVar   AcceptanceRatio        TotalSteps          TimeStep
                 3              0.55         1.5069188         2.2844692       0.013665043                 0                 0        0.98367214           2097152               0.1
                 4               0.4         1.5373922         2.4389457        0.07537098                 0                 0        0.98979568           2097152               0.1
                 5               0.2         2.1710714         6.3506407         1.6370895                 0                 0        0.99643993           2097152               0.1
                 0              0.25         1.8704846         4.3320199        0.83330737                 0                 0        0.99499226           2097152               0.1
                 2              0.35         1.5954787         2.7438427        0.19829033                 0                 0        0.99156523           2097152               0.1
                 6               0.3         1.7050954         3.3405503        0.43320002                 0                 0        0.99328661           2097152               0.1
                 7              0.45         1.5084192          2.292102       0.016773384                 0                 0        0.98791981           2097152               0.1
                 1               0.5               1.5              2.25                 0                 0                 0        0.98580933           2097152               0.1
                 3               0.6          1.524766         2.3753662       0.050454963                 0                 0        0.98124743           2097152               0.1
                 4              0.65         1.5511742         2.5124465        0.10630525                 0                 0        0.97895288           2097152               0.1
                 5               0.7         1.5857492         2.6905984        0.17599786                 0                 0        0.97646952           2097152               0.1
                 0              0.75         1.6250281         2.9013152        0.26059896                 0                 0        0.97399473           2097152               0.1
                 2               0.8         1.6687076         3.1411323        0.35654726                 0                 0         0.9710145           2097152               0.1
                 7               0.9         1.7642981         3.6945254        0.58177781                 0                 0        0.96555901           2097152               0.1
                 6              0.85          1.716715         3.4102779        0.46316744                 0                 0        0.96856737           2097152               0.1
                 1              0.95         1.8207722         4.0221821        0.70697075                 0                 0        0.96282387           2097152               0.1


Time elpased for 8 thread(s): 3.72224
