         ThreadNr.             Alpha            Energy     EnergySquared          Variance           BootVar       BlockingVar   AcceptanceRatio        TotalSteps          TimeStep
                 1              0.45         150.92947         22781.404         1.7000423                 0                 0        0.98784399           2097152               0.1
                 2               0.4         153.64269         23613.971         7.8937579                 0                 0         0.9898572           2097152               0.1
                 5              0.25         187.25544         35148.062         83.460404                 0                 0        0.99496508           2097152               0.1
                 0               0.2         217.75959         47586.486         167.24905                 0                 0        0.99644947           2097152               0.1
                 7              0.35          159.4913         25456.809         19.333881                 0                 0        0.99167824           2097152               0.1
                 4               0.3         170.05638         28963.218          44.04525                 0                 0        0.99336195           2097152               0.1
                 6              0.55         150.69394         22710.055         1.3913998                 0                 0        0.98380852           2097152               0.1
                 3               0.5               150             22500                 0                 0                 0        0.98574924           2097152               0.1
                 2              0.65         155.18227          24092.06         10.522009                 0                 0        0.97883224           2097152               0.1
                 1               0.6         152.49426         23259.584         5.0850104                 0                 0        0.98140526           2097152               0.1
                 0              0.75         162.55825         26451.187         26.001479                 0                 0        0.97376347           2097152               0.1
                 5               0.7         158.53765         25151.634         17.447418                 0                 0        0.97638416           2097152               0.1
                 7               0.8         166.80981         27861.387         35.875565                 0                 0         0.9709816           2097152               0.1
                 3              0.95         182.20378         33271.967          73.74988                 0                 0        0.96292448           2097152               0.1
                 6               0.9         176.75982         31302.614         58.580031                 0                 0         0.9656539           2097152               0.1
                 4              0.85         171.44058         29437.894         46.022509                 0                 0        0.96855927           2097152               0.1


Time elpased for 8 thread(s): 46.7641
