         ThreadNr.             Alpha            Energy     EnergySquared          Variance           BootVar       BlockingVar   AcceptanceRatio        TotalSteps          TimeStep
                 7              0.55         15.064243         227.06811        0.13670157                 0                 0        0.98362875           2097152               0.1
                 3               0.3         17.011498         293.67244         4.2813855                 0                 0        0.99336672           2097152               0.1
                 6               0.2          21.84614         493.86321         16.609365                 0                 0        0.99638796           2097152               0.1
                 4               0.5                15               225                 0                 0                 0        0.98577118           2097152               0.1
                 0              0.25         18.724073         359.04835         8.4574372                 0                 0        0.99505138           2097152               0.1
                 2              0.35         15.951613         256.42311         1.9691671                 0                 0        0.99156094           2097152               0.1
                 5               0.4         15.366699         236.88421        0.74877363                 0                 0        0.98971558           2097152               0.1
                 1              0.45         15.084326         227.70413        0.16723018                 0                 0        0.98789978           2097152               0.1
                 3              0.65         15.513286         241.71905         1.0569935                 0                 0        0.97894907           2097152               0.1
                 6               0.7         15.853713         253.09503         1.7548211                 0                 0        0.97646332           2097152               0.1
                 7               0.6         15.241355          232.8024        0.50348859                 0                 0        0.98134327           2097152               0.1
                 4              0.75         16.259606         266.98591         2.6111165                 0                 0        0.97384071           2097152               0.1
                 5               0.9         17.670778         317.99447         5.7380699                 0                 0        0.96537447           2097152               0.1
                 1              0.95         18.189621         337.94138         7.0790579                 0                 0        0.96278763           2097152               0.1
                 0               0.8         16.678142         281.76273         3.6023063                 0                 0        0.97156429           2097152               0.1
                 2              0.85         17.179617         299.73816         4.5989048                 0                 0        0.96849823           2097152               0.1


Time elpased for 8 thread(s): 7.72057
