         ThreadNr.             Alpha            Energy     EnergySquared          Variance           BootVar       BlockingVar   AcceptanceRatio        TotalSteps          TimeStep
                 5               0.2         72.484756         5305.4168         51.376897                 0                 0        0.99818516           2097152               0.1
                 2               0.4         51.221858         2626.0939         2.4152102                 0                 0        0.99484444           2097152               0.1
                 7               0.3         56.722021         3231.7517         14.364109                 0                 0        0.99664879           2097152               0.1
                 6              0.55         50.251069         2525.6118        0.44180893                 0                 0        0.99177599           2097152               0.1
                 4              0.45         50.274493         2528.0958        0.57123756                 0                 0        0.99399137           2097152               0.1
                 1              0.25          62.36536         3916.3878         26.949708                 0                 0        0.99747086           2097152               0.1
                 3               0.5                50              2500                 0                 0                 0        0.99297523           2097152               0.1
                 0              0.35         53.263422         2843.4429         6.4507478                 0                 0         0.9958539           2097152               0.1
                 2              0.65         51.755734         2682.0077         3.3517154                 0                 0        0.98937941           2097152               0.1
                 7               0.7         52.856142         2799.7812         6.0095128                 0                 0        0.98820877           2097152               0.1
                 5               0.6         50.843384         2586.7245         1.6748676                 0                 0        0.99065351           2097152               0.1
                 6              0.75         54.131743          2938.844         8.5983974                 0                 0        0.98680639           2097152               0.1
                 1              0.85         57.222171         3289.5474         15.170498                 0                 0        0.98413181           2097152               0.1
                 4               0.8          55.60428         3103.9753         12.139353                 0                 0        0.98569536           2097152               0.1
                 3               0.9         58.906467         3489.2418         19.269953                 0                 0        0.98282576           2097152               0.1
                 0              0.95         60.730231         3711.5245         23.363542                 0                 0        0.98130322           2097152               0.1


Time elpased for 8 thread(s): 43.0557
