         ThreadNr.             Alpha            Energy     EnergySquared          Variance           BootVar       BlockingVar   AcceptanceRatio        TotalSteps          TimeStep
                 1              0.45         5.0272465         25.328271       0.055063939                 0                 0        0.99391603           2097152               0.1
                 5               0.4          5.125687         26.522515        0.24984802                 0                 0        0.99491024           2097152               0.1
                 6               0.5                 5                25                 0                 0                 0         0.9928422           2097152               0.1
                 3              0.25         6.2470025         41.884312         2.8592719                 0                 0        0.99748707           2097152               0.1
                 2               0.3         5.6546904         33.389316         1.4137921                 0                 0        0.99674654           2097152               0.1
                 4              0.55         5.0220106         25.266337       0.045746715                 0                 0        0.99177217           2097152               0.1
                 7              0.35         5.3266809         29.055418        0.68188882                 0                 0        0.99587965           2097152               0.1
                 0               0.2           7.20486         57.249015          5.339007                 0                 0        0.99816465           2097152               0.1
                 5              0.65         5.1767905         27.149369        0.35020953                 0                 0        0.98942947           2097152               0.1
                 6               0.7         5.2842759         28.517199        0.59362715                 0                 0        0.98815823           2097152               0.1
                 3              0.75         5.4162459         30.213043        0.87732317                 0                 0        0.98679399           2097152               0.1
                 1               0.6          5.084162         26.016043        0.16733937                 0                 0        0.99074125           2097152               0.1
                 7               0.9         5.8940931         36.669396         1.9290632                 0                 0        0.98278999           2097152               0.1
                 2               0.8         5.5661918         32.166893         1.1844016                 0                 0        0.98551941           2097152               0.1
                 4              0.85         5.7189573         34.261713         1.5552398                 0                 0        0.98424625           2097152               0.1
                 0              0.95         6.0655607         39.151155          2.360128                 0                 0        0.98134327           2097152               0.1


Time elpased for 8 thread(s): 5.85513
