         ThreadNr.             Alpha            Energy     EnergySquared          Variance           BootVar       BlockingVar   AcceptanceRatio        TotalSteps          TimeStep
                 2               0.5               0.5              0.25                 0                 0                 0        0.99281025           2097152               0.1
                 1              0.55        0.50224239        0.25679829      0.0045508669                 0                 0        0.99193907           2097152               0.1
                 3               0.2        0.72509916         1.0772517        0.55148295                 0                 0        0.99819183           2097152               0.1
                 0              0.25        0.62312893        0.66395618        0.27566652                 0                 0        0.99748325           2097152               0.1
                 7               0.3        0.56606523        0.46098866        0.14055881                 0                 0        0.99674892           2097152               0.1
                 6              0.45         0.5028306        0.25843988      0.0056012685                 0                 0        0.99380779           2097152               0.1
                 4              0.35        0.53235313        0.34970767       0.066307818                 0                 0        0.99581623           2097152               0.1
                 5               0.4         0.5124638        0.28798547       0.025366319                 0                 0        0.99498034           2097152               0.1
                 2               0.6        0.50898091        0.27567712       0.016615548                 0                 0        0.99070311           2097152               0.1
                 1              0.65        0.51718502         0.3028723       0.035391953                 0                 0        0.98956585           2097152               0.1
                 3               0.7         0.5280032        0.33810855       0.059321174                 0                 0        0.98826456           2097152               0.1
                 0              0.75        0.54248244        0.38040236       0.086115163                 0                 0        0.98682642           2097152               0.1
                 7               0.8        0.55612713          0.427951        0.11867361                 0                 0         0.9856863           2097152               0.1
                 6              0.85         0.5721566        0.48135311        0.15398993                 0                 0        0.98421192           2097152               0.1
                 4               0.9        0.58843799        0.53971283        0.19345357                 0                 0        0.98291874           2097152               0.1
                 5              0.95        0.60550408        0.60367958        0.23704439                 0                 0        0.98146296           2097152               0.1


Time elpased for 8 thread(s): 2.34189
