numberOfBins: 100 min: -4 max: 4
                 0                 0                 0
                 0                 0                 0
                 0                 0                 0
                 0                 0                 0
                 0                 0                 0
                 0               153               165
                 0                25                 0
                 0                 0               152
               164               269                63
               470               983               100
               511              1066               450
               537              1576               742
               863               756              1738
              3832              1926              2763
              1972              3832              3667
              5293              3443              7486
              9759              8266              9770
             13952             13581             17109
             19590             17845             21074
             30385             27870             28814
             42214             34536             42038
             50865             54065             65553
             86194             79251             84886
            122838            125260            117516
            177440            174920            174769
            243562            233499            236725
            315556            305608            304578
            415327            411747            407230
            559412            520392            527334
            712655            706981            701131
            883760            890298            881021
       1.13562e+06        1.1339e+06       1.12689e+06
       1.41188e+06       1.41033e+06       1.40789e+06
       1.73117e+06       1.75808e+06       1.71921e+06
       2.11624e+06       2.10467e+06       2.07576e+06
       2.56421e+06       2.52005e+06       2.52563e+06
       2.98112e+06       3.01132e+06       3.07234e+06
        3.5619e+06       3.50496e+06       3.54836e+06
       4.09116e+06        4.0819e+06       4.10862e+06
       4.73314e+06       4.73344e+06       4.68963e+06
       5.35706e+06       5.30068e+06       5.30381e+06
       5.91302e+06       5.98656e+06       5.93772e+06
       6.60423e+06       6.61706e+06        6.5077e+06
       7.10137e+06       7.21791e+06        7.1762e+06
       7.75606e+06       7.72396e+06       7.75046e+06
       8.23722e+06       8.29981e+06        8.2328e+06
       8.69958e+06       8.61768e+06       8.59355e+06
       8.93863e+06       8.95109e+06       8.99044e+06
       9.21137e+06       9.14945e+06       9.20073e+06
       9.25628e+06       9.30004e+06       9.27953e+06
       9.23456e+06       9.26212e+06       9.25065e+06
        9.1899e+06       9.21756e+06        9.2132e+06
       8.94667e+06       8.82544e+06       8.96105e+06
       8.63937e+06        8.6502e+06       8.64944e+06
       8.30272e+06       8.12573e+06       8.23426e+06
       7.69475e+06       7.71507e+06       7.69629e+06
       7.19783e+06       7.13102e+06       7.20598e+06
       6.51695e+06       6.56762e+06       6.56004e+06
       5.96789e+06        5.9195e+06       5.94902e+06
       5.29291e+06       5.34253e+06       5.33574e+06
       4.66281e+06       4.68753e+06       4.68241e+06
       4.12536e+06       4.11291e+06       4.11592e+06
       3.53879e+06       3.51929e+06       3.52056e+06
       2.94552e+06       3.01631e+06       3.02553e+06
       2.50109e+06       2.53689e+06        2.5152e+06
        2.1108e+06       2.13446e+06       2.09496e+06
       1.73154e+06       1.75511e+06       1.70142e+06
       1.37193e+06       1.41453e+06        1.4164e+06
       1.09502e+06       1.13547e+06       1.12932e+06
            862601            902339            853106
            683812            699741            704651
            523584            532898            533749
            401356            410953            420104
            307793            306039            291274
            207146            216409            217204
            171375            158138            158573
            115015            120070            119055
             88060             81758             88216
             68133             56372             58041
             37366             41830             48811
             27250             27378             24994
             21461             18914             19021
             12178             11049             15490
              8710              6629              7864
              5707              6161              5344
              3295              4376              3789
              3171              1349              2179
              1590              1189              1419
               511               419               404
               100               620               185
                 0               239               178
               178                 0                 6
                 0                 0                 0
                 0                 0                 0
                 0                 0                 0
                 0                 0                 0
                 0                 0                 0
                 0                 0                 0
                 0                 0                 0
                 0                 0                 0
