numberOfBins: 100 min: -4 max: 4
                 0                 0                 0
                 0                 0                 0
                 0                 0                 0
                 0                13                 6
                 0                 0                 0
                 0                17                 9
                 0                12                 0
                30                45                19
                 8                28                 0
                41                 0                15
                33                60                75
               114               127                57
               124               189                54
               254               115               271
               406               475               254
               905               469               514
               965               777               671
              1354              1092              1397
              1832              1934              1642
              3043              2546              2725
              3860              4079              4257
              5795              6202              5599
              8275              8251              7636
             11702             11665             10912
             15783             16375             14432
             21370             22118             22036
             27681             29472             29054
             39694             38743             37203
             52225             51538             50815
             66798             65261             64435
             83259             84884             83889
            109287            107859            108011
            139188            137214            132727
            172887            169881            171348
            206326            206791            207834
            252161            251791            249178
            298196            297972            294260
            349728            350548            349815
            407705            411875            409558
            470034            470003            468637
            529745            538724            532698
            595371            596986            591631
            658346            664696            662529
            724865            722340            715965
            776412            775560            779585
            828267            825544            834557
            876949            871152            862813
            906248            905202            909229
            926669            924592            929945
            943301            939160            937913
            945939            935926            951714
            923141            921559            925887
            897328            904864            912405
            871205            859590            865894
            824343            824162            820082
            772244            775088            772499
            711452            715515            719748
            656361            657810            660886
            593781            592435            593514
            531516            530295            534091
            466242            470992            463344
            401982            406965            409183
            350922            349082            347634
            295351            298336            293869
            244547            250331            248112
            206360            207275            207728
            168114            168224            168355
            136255            135230            137628
            107303            109807            108452
             86126             84262             87088
             67306             64653             68005
             52244             51730             49948
             38050             40216             38981
             30410             29264             29306
             21562             21905             21456
             15699             15884             13496
             11346             11495             11496
              9093              7818              7930
              5403              5406              5199
              4360              3303              3759
              2681              2538              2434
              2016              1645              1717
              1023              1480              1084
               805               835               780
               805               480               557
               314               369               472
               233               184               184
               114                98               102
               179                35                77
                25                29               108
                36                 0                30
                 2                 0                10
                 9                28                36
                56                 0                26
                 0                 0                 4
                 1                 0                 0
                 0                 0                 0
                 0                 0                 0
                 0                 0                 0
                 0                 0                 0
