numberOfBins: 100 min: -4 max: 4
                 0                 0                 0
                 0                 0                 0
                 0                 0                 0
                 0                 0                 0
                 0                 0                 0
                 0                 0                 0
                49                80                 0
                92                31               105
               268                 1                13
               471               336               253
               265               255               363
               393               134               728
               756               309               981
              1112               717              1264
              2339              1501              1577
              4120              2615              2524
              4189              2636              4218
              6795              7995              7213
             12159              8622             10042
             14849             11774             15135
             21610             20781             18626
             31772             30442             29062
             41870             41581             40474
             62987             57217             61425
             85717             79549             85330
            120021            108240            112508
            157383            148941            151965
            211023            199698            198789
            267021            253463            256245
            348014            345925            337904
            439785            436374            439669
            566682            549769            542023
            713268            701383            679060
            863057            850412            846532
       1.05394e+06       1.02993e+06        1.0375e+06
       1.29302e+06       1.24503e+06       1.25177e+06
       1.50173e+06       1.48018e+06       1.52052e+06
        1.7742e+06       1.73931e+06       1.75268e+06
       2.06751e+06       2.03922e+06       2.07286e+06
       2.38851e+06       2.33488e+06       2.35567e+06
       2.67913e+06       2.63607e+06       2.64176e+06
        2.9904e+06       2.96993e+06        2.9881e+06
       3.29947e+06       3.27587e+06       3.28136e+06
        3.5517e+06       3.56353e+06       3.59588e+06
       3.85165e+06       3.84801e+06       3.83616e+06
        4.1137e+06       4.10301e+06       4.11648e+06
        4.3601e+06       4.32928e+06       4.29196e+06
       4.43306e+06       4.50897e+06       4.45082e+06
       4.61028e+06       4.66492e+06       4.59857e+06
       4.64824e+06       4.68759e+06       4.63755e+06
       4.67355e+06       4.70908e+06       4.68336e+06
       4.61663e+06       4.60635e+06       4.58955e+06
        4.4655e+06       4.54105e+06       4.49578e+06
       4.31054e+06       4.38046e+06       4.37726e+06
       4.12916e+06       4.12646e+06       4.13714e+06
       3.85369e+06       3.89921e+06       3.87187e+06
       3.58265e+06       3.59174e+06       3.58482e+06
       3.26589e+06       3.28681e+06       3.29204e+06
       2.98747e+06       2.97122e+06        2.9822e+06
       2.65717e+06       2.65014e+06       2.66116e+06
       2.32775e+06       2.33121e+06        2.3515e+06
       2.04511e+06       2.02678e+06       2.04314e+06
       1.76374e+06       1.75536e+06       1.79141e+06
       1.49252e+06       1.51428e+06        1.5052e+06
       1.24484e+06       1.25105e+06       1.26851e+06
       1.04311e+06       1.03858e+06       1.05966e+06
            844900            847931            852531
            687832            679587            678600
            525625            554713            561794
            421140            432938            443769
            340637            346888            347363
            254807            258764            273184
            196722            198047            205141
            147228            156729            143376
            107589            109525            110562
             77762             82048             78081
             62608             55475             61472
             43924             46563             40098
             30312             30525             29992
             20356             20140             23032
             14453             14720             15313
              8456              8927              9049
              6582              6189              5420
              4244              3571              4066
              3595              3208              3246
              1245              2106              1299
              1128              1177              1003
               524               812               460
               267               343               249
              1076                87                49
               118               317                 8
               124                 0               120
                36                 0                41
                 5                 0                 0
                 0                 0                 0
                68                 0                 0
                48                 0                 0
               145                 0                 0
                 0                 0                 0
                 0                 0                 0
