         ThreadNr.             Alpha            Energy     EnergySquared          Variance           BootVar       BlockingVar   AcceptanceRatio        TotalSteps        StepLength
                 3               0.5        0.50000016        0.25000017     7.8648244e-09                 0                 0        0.86008835           2097152                 1
                 5              0.55        0.50197672        0.25661182       0.004631195                 0                 0        0.85344505           2097152                 1
                 4               0.2        0.72155417         1.0654393        0.54479888                 0                 0        0.91141891           2097152                 1
                 7               0.3        0.56751126        0.46436444        0.14229541                 0                 0        0.89131451           2097152                 1
                 2               0.4        0.51245156        0.28788192       0.025275321                 0                 0        0.87480497           2097152                 1
                 6              0.45        0.50256232        0.25800954      0.0054406512                 0                 0        0.86734915           2097152                 1
                 1              0.25        0.62708154        0.67755992        0.28432866                 0                 0         0.9004631           2097152                 1
                 0              0.35        0.53030124        0.34576248       0.064543072                 0                 0        0.88317156           2097152                 1
                 3               0.6        0.50878346        0.27544341       0.016582801                 0                 0        0.84779978           2097152                 1
                 5              0.65        0.51787789        0.30306418       0.034866672                 0                 0        0.84172678           2097152                 1
                 7              0.75        0.54204724        0.38032659       0.086511387                 0                 0        0.83066797           2097152                 1
                 4               0.7        0.52876613        0.33803015       0.058436526                 0                 0        0.83562517           2097152                 1
                 1               0.9        0.59061179        0.53880206        0.18997978                 0                 0        0.81468964           2097152                 1
                 6              0.85        0.57266822        0.48168882        0.15373992                 0                 0        0.81900835           2097152                 1
                 2               0.8        0.55484951        0.42727386        0.11941589                 0                 0        0.82428169           2097152                 1
                 0              0.95        0.60693285        0.60280931        0.23444182                 0                 0        0.80911827           2097152                 1


Time elpased for 8 thread(s): 2.10168
