         ThreadNr.             Alpha            Energy     EnergySquared          Variance           BootVar       BlockingVar   AcceptanceRatio        TotalSteps        StepLength
                 5               0.3         56.874479         3249.4755         14.769157                 0                 0        0.89113951           2097152                 1
                 0              0.25         62.640554         3951.9105         28.071539                 0                 0        0.90082073           2097152                 1
                 6               0.4         51.242291         2628.3629         2.5905657                 0                 0        0.87512493           2097152                 1
                 2              0.35         53.263104          2843.957         6.9987416                 0                 0        0.88299465           2097152                 1
                 4              0.55         50.216625         2522.2644        0.55493146                 0                 0        0.85378313           2097152                 1
                 3               0.2         72.932462         5383.1624         64.018321                 0                 0        0.91076183           2097152                 1
                 7               0.5         50.001567           2500.21       0.053321454                 0                 0        0.86014128           2097152                 1
                 1              0.45         50.300992         2530.8108        0.62103929                 0                 0        0.86765862           2097152                 1
                 0              0.65         51.668258         2673.2694         3.6605505                 0                 0        0.84129524           2097152                 1
                 6               0.7         52.846469         2798.6965         5.9472901                 0                 0        0.83540392           2097152                 1
                 1              0.95         60.759269         3714.8601         23.171265                 0                 0        0.80956984           2097152                 1
                 3              0.85         57.184664         3286.1475         16.061698                 0                 0        0.81957531           2097152                 1
                 5               0.6         50.911592         2593.7038         1.7135986                 0                 0        0.84809923           2097152                 1
                 2              0.75         54.225467         2948.9882         8.5869153                 0                 0        0.83003902           2097152                 1
                 4               0.8          55.71309         3115.6527         11.704272                 0                 0        0.82476807           2097152                 1
                 7               0.9         58.955212         3494.4519         18.734796                 0                 0        0.81460333           2097152                 1


Time elpased for 8 thread(s): 2195.92
