         ThreadNr.             Alpha            Energy     EnergySquared          Variance           BootVar       BlockingVar   AcceptanceRatio        TotalSteps        StepLength
                 3               0.4         5.1209039         26.476697        0.25304074                 0                 0        0.87502956           2097152                 1
                 4              0.35          5.314977         28.916849        0.66786786                 0                 0        0.88302231           2097152                 1
                 7              0.55         5.0243707         25.289371       0.045070222                 0                 0        0.85427952           2097152                 1
                 6              0.25         6.2593041         41.923957         2.7450685                 0                 0        0.90092373           2097152                 1
                 0               0.5         5.0000008          25.00002     1.2695802e-05                 0                 0        0.86015701           2097152                 1
                 5              0.45          5.029808         25.355106        0.05613797                 0                 0        0.86770248           2097152                 1
                 2               0.2         7.2425753         57.977692          5.522795                 0                 0        0.91136217           2097152                 1
                 1               0.3         5.7035256         34.000796         1.4705917                 0                 0        0.89102125           2097152                 1
                 3               0.6         5.0754836          25.93091        0.17037584                 0                 0        0.84700394           2097152                 1
                 4              0.65         5.1722009         27.103775         0.3521127                 0                 0        0.84179115           2097152                 1
                 7               0.7         5.2762966         28.428149        0.58884377                 0                 0        0.83537102           2097152                 1
                 0               0.8         5.5662273         32.165516         1.1826301                 0                 0        0.82424402           2097152                 1
                 6              0.75         5.4116796         30.144293        0.85801711                 0                 0        0.82956696           2097152                 1
                 5              0.85         5.7407112          34.46502         1.5092555                 0                 0        0.81930733           2097152                 1
                 1              0.95         6.0677566         39.165101         2.3474304                 0                 0        0.80926514           2097152                 1
                 2               0.9         5.8954513         36.691013         1.9346673                 0                 0         0.8135848           2097152                 1


Time elpased for 8 thread(s): 31.2409
