         ThreadNr.             Alpha            Energy     EnergySquared          Variance           BootVar       BlockingVar   AcceptanceRatio        TotalSteps          TimeStep      LearningRate
                 0               0.4         2.0507027          4.304713       0.099331248                 0      1.673233e-05        0.99195862            131072               0.1              0.05
                 0        0.45518403         2.0076265         4.0479744       0.017410226                 0     2.4118313e-06        0.99006653            131072               0.1              0.05
                 0        0.47551951         2.0034822         4.0191365      0.0051954504                 0     7.4091284e-07        0.98970795            131072               0.1              0.05
                 0        0.48639721         2.0001785         4.0022103      0.0014962618                 0     2.0126955e-07        0.98944855            131072               0.1              0.05
                 0        0.49197289         2.0000768         4.0008277      0.0005206763                 0     7.0945532e-08        0.98921204            131072               0.1              0.05
                 0        0.49524237         2.0001104         4.0006279     0.00018642715                 0     2.7612165e-08        0.98882294            131072               0.1              0.05
                 0        0.49721099         2.0001926         4.0008335     6.3195029e-05                 0     7.8732405e-09        0.98866272            131072               0.1              0.05
                 0        0.49834708         2.0000278         4.0001328     2.1519503e-05                 0     2.7186621e-09        0.98880768            131072               0.1              0.05
                 0        0.49899912         2.0000356         4.0001506     8.1058858e-06                 0     1.0855269e-09        0.98855591            131072               0.1              0.05
                 0        0.49940446         1.9999636          3.999857     2.7200793e-06                 0     3.4346918e-10        0.98902893            131072               0.1              0.05
                 0        0.49963296         1.9999977         3.9999921     1.1037831e-06                 0     1.5362045e-10        0.98881531            131072               0.1              0.05
                 0        0.49978338         2.0000051         4.0000207     3.7429998e-07                 0     5.1137647e-11        0.98889923            131072               0.1              0.05
                 0         0.4998698         1.9999999         3.9999996     1.3452187e-07                 0     1.7608818e-11        0.98904419            131072               0.1              0.05
                 0        0.49992147         1.9999966         3.9999866     4.7409708e-08                 0     6.1400755e-12        0.98870087            131072               0.1              0.05
                 0        0.49995165         1.9999991         3.9999963       1.84016e-08                 0     2.3905186e-12        0.98852539            131072               0.1              0.05
                 0        0.49997069                 2                 4      6.772142e-09                 0     8.7352101e-13        0.98875427            131072               0.1              0.05
                 0        0.49998224         2.0000011         4.0000043     2.5559022e-09                 0     3.6178235e-13        0.98886108            131072               0.1              0.05


Time elpased for 6 thread(s): 2.0401
