         ThreadNr.             Alpha            Energy     EnergySquared          Variance           BootVar       BlockingVar   AcceptanceRatio        TotalSteps        StepLength
                 0               0.2         101.32253         10436.687         170.43287                 0                 0        0.99119568             65536               0.1
                 0              0.25         111.01744         12441.427         116.55472                 0                 0        0.98939514             65536               0.1
                 0               0.3         119.37666         14298.244         47.456293                 0                 0        0.98722839             65536               0.1
                 0              0.35         127.77484         16376.056         49.645648                 0                 0        0.98477173             65536               0.1
                 0               0.4         138.12014         19107.396         30.224119                 0                 0        0.98141479             65536               0.1
                 0              0.45         143.34265         20551.925          4.809722                 0                 0        0.98065186             65536               0.1
                 0               0.5               150             22500                 0                 0                 0        0.98016357             65536               0.1
                 0              0.55         156.35299         24448.848         2.5893643                 0                 0        0.97770691             65536               0.1
                 0               0.6         160.59635         25816.023         24.835124                 0                 0        0.97492981             65536               0.1
                 0              0.65         171.75831         29520.154         19.237254                 0                 0        0.97512817             65536               0.1
                 0               0.7         174.59674         30536.079          52.05721                 0                 0        0.97409058             65536               0.1
                 0              0.75         182.69434         33449.384         72.161906                 0                 0         0.9715271             65536               0.1
                 0               0.8         192.22408         37050.384          100.2853                 0                 0        0.97250366             65536               0.1
                 0              0.85         197.73405         39198.359          99.60309                 0                 0        0.97135925             65536               0.1
                 0               0.9         204.80766         42100.993         154.81368                 0                 0        0.96994019             65536               0.1
                 0              0.95         203.75022         41775.093         260.94229                 0                 0        0.96577454             65536               0.1
                 0               0.2         159.53642         26518.015         1066.1451                 0                 0        0.98648453            262144               0.1
                 0              0.25         158.41361         25562.015         467.14161                 0                 0        0.98361969            262144               0.1
                 0               0.3         149.14424         22445.003         200.99855                 0                 0        0.98159027            262144               0.1
                 0              0.35         146.09821         21434.418         89.729376                 0                 0         0.9799614            262144               0.1
                 0               0.4         148.44083         22079.588         44.906741                 0                 0        0.97761536            262144               0.1
                 0              0.45         149.17485         22260.343         7.2080057                 0                 0        0.97578049            262144               0.1
                 0               0.5               150             22500                 0                 0                 0         0.9745369            262144               0.1
                 0              0.55         152.56143         23278.133         3.1444379                 0                 0        0.97285843            262144               0.1
                 0               0.6         155.85546          24309.24         18.314886                 0                 0        0.97192764            262144               0.1
                 0              0.65         158.62755         25182.096         19.397251                 0                 0        0.97029877            262144               0.1
                 0               0.7         161.77818         26202.793         30.613643                 0                 0        0.96917725            262144               0.1
                 0              0.75         163.00175         26656.738         87.167103                 0                 0        0.96703339            262144               0.1
                 0               0.8         165.18266          27385.29         99.977996                 0                 0        0.96541214            262144               0.1
                 0              0.85         180.91493         32757.231         27.018606                 0                 0        0.96609879            262144               0.1
                 0               0.9          178.4742         31893.192         40.152772                 0                 0        0.96284485            262144               0.1
                 0              0.95         188.46278         35579.733         61.512204                 0                 0        0.96332169            262144               0.1
                 0               0.2         190.41259         36906.624         649.67006                 0                 0         0.9846611            524288               0.1
                 0              0.25         175.11516         31034.793         369.47317                 0                 0        0.98196983            524288               0.1
                 0               0.3         162.46409         26545.616         151.03437                 0                 0        0.97976875            524288               0.1
                 0              0.35         154.73184         23999.467         57.524588                 0                 0        0.97841835            524288               0.1
                 0               0.4         150.70858         22721.283         8.2082687                 0                 0        0.97699738            524288               0.1
                 0              0.45         148.82611          22150.72         1.5106675                 0                 0        0.97597313            524288               0.1
                 0               0.5               150             22500                 0                 0                 0        0.97358513            524288               0.1
                 0              0.55         151.82188         23051.379         1.4955648                 0                 0        0.97211456            524288               0.1
                 0               0.6         153.15406         23470.783         14.617432                 0                 0        0.97040176            524288               0.1
                 0              0.65          156.8238         24603.649         9.9431541                 0                 0        0.96974754            524288               0.1
                 0               0.7         160.82334         25875.973         11.828033                 0                 0        0.96840668            524288               0.1
                 0              0.75         160.53149          25793.87         23.511182                 0                 0        0.96632576            524288               0.1
                 0               0.8           170.586         29133.708          34.12444                 0                 0        0.96633339            524288               0.1
                 0              0.85         173.57129         30182.225          55.23203                 0                 0        0.96519089            524288               0.1
                 0               0.9         180.70503         32687.251         32.941283                 0                 0        0.96471024            524288               0.1
                 0              0.95         181.03414         32813.969         40.608735                 0                 0        0.96257782            524288               0.1
                 0               0.2         211.71308          45352.08         529.65002                 0                 0        0.98316669           1048576               0.1
                 0              0.25         179.86431         32504.505         153.33493                 0                 0        0.98162937           1048576               0.1
                 0               0.3         167.70768         28180.813         54.948123                 0                 0        0.97912407           1048576               0.1
                 0              0.35          160.8061          25891.82         33.217428                 0                 0         0.9773407           1048576               0.1
                 0               0.4         153.16607         23466.247         6.4031034                 0                 0        0.97619534           1048576               0.1
                 0              0.45         151.27861         22887.143         1.9257055                 0                 0        0.97417259           1048576               0.1
                 0               0.5               150             22500                 0                 0                 0        0.97352695           1048576               0.1
                 0              0.55         150.44175         22634.385         1.6658433                 0                 0        0.97138596           1048576               0.1
                 0               0.6         152.11298         23142.271         3.9127855                 0                 0        0.97014236           1048576               0.1
                 0              0.65         154.36501         23836.531         7.9741003                 0                 0        0.96885967           1048576               0.1
                 0               0.7         158.58878         25170.271         19.868795                 0                 0        0.96799946           1048576               0.1
                 0              0.75         162.72351         26497.691         18.749367                 0                 0        0.96667385           1048576               0.1
                 0               0.8          166.6354         27810.509         43.152978                 0                 0        0.96575642           1048576               0.1
                 0              0.85         172.70543         29865.277          38.11187                 0                 0        0.96464252           1048576               0.1
                 0               0.9         177.17146         31433.766          44.04163                 0                 0        0.96380615           1048576               0.1
                 0              0.95         183.93269          33889.93         58.694414                 0                 0        0.96294403           1048576               0.1


Time elpased for 1 thread(s): 153.926
