         ThreadNr.             Alpha            Energy     EnergySquared          Variance           BootVar       BlockingVar   AcceptanceRatio        TotalSteps          TimeStep
                 3               0.4         153.63409         23609.988         6.5527848        0.38004462       0.053356063         0.9894104             65536               0.1
                 1              0.55         150.81852         22747.366         1.1393171       0.025143812      0.0087445903        0.98306274             65536               0.1
                 6               0.2         217.74161         47513.168         101.75918         1.5592285         1.5304248        0.99679565             65536               0.1
                 7              0.25         184.88335         34257.954         76.102638        0.42841424         1.3116672        0.99546814             65536               0.1
                 2               0.5               150             22500                 0                 0                 0        0.98516846             65536               0.1
                 5              0.45         150.95925         22790.428         1.7330172       0.054474528       0.021381968        0.98814392             65536               0.1
                 0               0.3         169.40049         28738.858          42.33214        0.46593798        0.64623678        0.99382019             65536               0.1
                 4              0.35         160.44613         25765.264         22.302679        0.64855848        0.36318351        0.99185181             65536               0.1
                 3               0.6         152.61369         23295.856         4.9185803        0.20214135       0.042538467         0.9808197             65536               0.1
                 1              0.65         155.50027         24191.674         11.340723        0.10628077       0.075232573        0.97886658             65536               0.1
                 6               0.7         158.04801         24997.188         18.012759         1.3268635        0.13640045        0.97676086             65536               0.1
                 7              0.75         162.28735         26362.024         24.840559         2.0130133        0.21281859        0.97285461             65536               0.1
                 2               0.8         167.29359         28024.677         37.530095        0.69606315        0.29676434        0.97090149             65536               0.1
                 5              0.85         171.23125         29364.648         44.508351         1.4583303        0.36293137        0.96931458             65536               0.1
                 4              0.95         181.84734         33138.443         69.988796         13.809586        0.44310128        0.96368408             65536               0.1
                 0               0.9         176.47173         31207.226         64.953879         6.4139301        0.44845324        0.96513367             65536               0.1
                 1              0.25         186.82736         34981.017         76.553971         3.7887101          0.324429         0.9952774            262144               0.1
                 3               0.2         218.47184         47902.167          172.2233         5.5799993         1.2159258        0.99623871            262144               0.1
                 6               0.3          170.4739         29099.314         37.963253         3.4379713        0.13356976        0.99307251            262144               0.1
                 7              0.35         159.77156          25550.72         23.769328          1.249211        0.12124545        0.99155426            262144               0.1
                 2               0.4         153.65148         23617.451         8.6735687        0.67703343       0.030884419        0.99007416            262144               0.1
                 5              0.45         150.80351         22743.303         1.6049133         0.2986724      0.0068669266        0.98819351            262144               0.1
                 4               0.5               150             22500                 0                 0               150        0.98571014            262144               0.1
                 0              0.55         150.69458           22710.2         1.3447831        0.11262892      0.0027528133         0.9840889            262144               0.1
                 3              0.65         155.25517         24114.222         10.053943         2.1980799       0.023426804         0.9793396            262144               0.1
                 1               0.6         152.57206         23283.171         4.9381101        0.40510857       0.013800397        0.98096848            262144               0.1
                 7              0.75         162.46002         26418.396         25.136845          1.920704       0.043969156        0.97392654            262144               0.1
                 6               0.7         158.11878         25020.044         18.495596         1.2904316       0.033651895        0.97653961            262144               0.1
                 5              0.85         171.72164         29535.502         47.181751         29.330011       0.097987746        0.96824646            262144               0.1
                 2               0.8         166.84545         27871.942         34.536371          5.380939       0.075798325        0.97133636            262144               0.1
                 4               0.9         176.54902         31228.109         58.551737         5.6722742        0.13409251        0.96608734            262144               0.1
                 0              0.95          182.0415         33204.571          65.46378         8.2816753        0.10326943        0.96228409            262144               0.1
                 1              0.25         187.38634         35199.376         85.737547         8.5483696        0.24801965        0.99488068            524288               0.1
                 3               0.2         218.05601         47717.049         168.62706          9.906277        0.59105516        0.99646378            524288               0.1
                 6              0.35          160.2652         25704.807         19.872983        0.74390766       0.057634277        0.99168968            524288               0.1
                 7               0.3         169.64529         28818.577         39.052674         1.4724057       0.092909156        0.99323273            524288               0.1
                 1               0.6         152.55175         23277.382         5.3470424         7.3344761      0.0076892231        0.98163605            524288               0.1
                 3              0.65         155.27687         24121.848         10.941622         13.222998       0.013997836        0.97909927            524288               0.1
                 5               0.4         153.89099         23689.525         7.0893399         2.8411707       0.013190831        0.98983765            524288               0.1
                 2              0.45         150.75086          22727.65         1.8281611        0.63734441      0.0040647748        0.98783493            524288               0.1
                 4               0.5               150             22500                 0                 0    8.1520832e-322        0.98570442            524288               0.1
                 7              0.75         162.21817         26341.792         27.057906         9.3599915       0.032366517        0.97365761            524288               0.1
                 6               0.7         158.42254         25115.628         17.926199         3.4556548       0.021104052        0.97649574            524288               0.1
                 0              0.55         150.73769         22723.125         1.2736414         0.1139708      0.0021210697        0.98398781            524288               0.1
                 1               0.8         167.02866          27933.69          35.11744         13.628048       0.041391789         0.9710331            524288               0.1
                 3              0.85         171.67419         29517.021         44.994013         32.796765       0.047704306        0.96825409            524288               0.1
                 2              0.95         182.44447         33352.942         66.956972         43.238766        0.05450477        0.96265411            524288               0.1
                 5               0.9         176.69549          31280.07         58.775078         97.540105       0.057187589        0.96574402            524288               0.1
                 6               0.3         170.24463         29026.558         43.323403         6.4363488       0.061144162        0.99336338           1048576               0.1
                 7              0.25         187.12237          35100.59         85.807185         25.192079         0.1256712        0.99493694           1048576               0.1
                 0              0.35          159.4504         25444.642         20.211164         4.3590181       0.023409142        0.99161243           1048576               0.1
                 4               0.2         216.49813         47029.983         158.54279         33.463468        0.23878354        0.99637127           1048576               0.1
                 3              0.45         150.81857         22747.937          1.695779        0.92421752      0.0016231612        0.98804569           1048576               0.1
                 2               0.5               150             22500                 0                 0               150        0.98585796           1048576               0.1
                 1               0.4         153.72643         23639.492         7.6778188         2.0473436      0.0064153457        0.99002552           1048576               0.1
                 5              0.55         150.66419         22701.057         1.3597871        0.95663869      0.0011198433        0.98354053           1048576               0.1
                 6               0.6         152.48462         23256.654         5.0957591         3.8805099      0.0038493455         0.9814167           1048576               0.1
                 7              0.65         155.17947         24090.986          10.31799         1.1641418       0.006717018        0.97893333           1048576               0.1
                 0               0.7         158.50132         25140.921         18.252722          10.62349       0.011511747        0.97651863           1048576               0.1
                 4              0.75         162.55488          26449.67         25.579958         12.785181       0.013987703        0.97389507           1048576               0.1
                 2              0.85         171.65024         29509.961         46.154673         18.249469       0.024676088        0.96859169           1048576               0.1
                 3               0.8         166.99435         27922.534         35.421177         33.250255       0.029970377        0.97119808           1048576               0.1
                 5              0.95          181.9053         33164.026         74.487704         28.282693       0.039772832        0.96265888           1048576               0.1
                 1               0.9         176.67339         31274.054          60.56813         84.280225       0.026867686         0.9656496           1048576               0.1


Time elpased for 8 thread(s): 85.6897
