         ThreadNr.             Alpha            Energy     EnergySquared          Variance           BootVar       BlockingVar   AcceptanceRatio        TotalSteps          TimeStep
                 0               0.2          219.5023         48346.537         165.27524                 0                 0        0.99641418             65536               0.1
                 0              0.25         190.40103         36342.136         89.584796                 0                 0        0.99479675             65536               0.1
                 0               0.3         169.33123         28715.794         42.727008                 0                 0        0.99356079             65536               0.1
                 0              0.35         160.05505         25634.817          17.19885                 0                 0        0.99160767             65536               0.1
                 0               0.4         153.58787         23595.893         6.6602953                 0                 0        0.98971558             65536               0.1
                 0              0.45           150.803         22743.589         2.0446189                 0                 0         0.9874115             65536               0.1
                 0               0.5               150             22500                 0                 0                 0        0.98576355             65536               0.1
                 0              0.55         150.62274         22688.544         1.3335047                 0                 0        0.98400879             65536               0.1
                 0               0.6         152.53616         23272.397         5.1169963                 0                 0        0.98097229             65536               0.1
                 0              0.65         155.33931         24141.018         10.716346                 0                 0        0.97969055             65536               0.1
                 0               0.7         158.15565         25028.745         15.535603                 0                 0        0.97613525             65536               0.1
                 0              0.75         162.05615         26284.785         22.590198                 0                 0        0.97367859             65536               0.1
                 0               0.8         166.16169         27646.802         37.096054                 0                 0        0.97167969             65536               0.1
                 0              0.85         170.91398         29255.933         44.343993                 0                 0        0.96881104             65536               0.1
                 0               0.9         176.76434         31304.137         58.506236                 0                 0        0.96487427             65536               0.1
                 0              0.95         181.33396         32948.983         66.979447                 0                 0        0.96218872             65536               0.1
                 0               0.2         217.89528         47645.352         166.99868                 0                 0         0.9961319            262144               0.1
                 0              0.25         187.59413         35277.957         86.399195                 0                 0        0.99478912            262144               0.1
                 0               0.3         170.05354         28964.868         46.660096                 0                 0        0.99343872            262144               0.1
                 0              0.35         159.48519         25454.387         18.860224                 0                 0        0.99147034            262144               0.1
                 0               0.4         153.91657         23697.375         7.0657793                 0                 0         0.9899826            262144               0.1
                 0              0.45         150.86271         22761.181         1.6248016                 0                 0        0.98799133            262144               0.1
                 0               0.5               150             22500                 0                 0                 0        0.98594284            262144               0.1
                 0              0.55         150.64585         22695.331         1.1593507                 0                 0          0.983284            262144               0.1
                 0               0.6         152.26726          23190.57         5.2500091                 0                 0        0.98112869            262144               0.1
                 0              0.65         155.03019         24045.654          11.29484                 0                 0        0.97881699            262144               0.1
                 0               0.7         158.71402         25206.224         16.085106                 0                 0        0.97586441            262144               0.1
                 0              0.75          162.6261         26473.478         26.228722                 0                 0        0.97369003            262144               0.1
                 0               0.8         166.98495         27922.848         38.872961                 0                 0        0.97126389            262144               0.1
                 0              0.85         171.84897         29575.681         43.613182                 0                 0         0.9683342            262144               0.1
                 0               0.9         176.65732         31259.214         51.404599                 0                 0        0.96553802            262144               0.1
                 0              0.95         181.67809         33078.248         71.318855                 0                 0        0.96300888            262144               0.1
                 0               0.2         216.14179         46866.069         148.79585                 0                 0        0.99638557            524288               0.1
                 0              0.25          187.5588         35254.831         76.526295                 0                 0        0.99503899            524288               0.1
                 0               0.3         170.37511         29069.894         42.213802                 0                 0        0.99329948            524288               0.1
                 0              0.35         159.31632         25402.196         20.506073                 0                 0        0.99171448            524288               0.1
                 0               0.4         153.91081         23696.409         7.8707435                 0                 0        0.98991203            524288               0.1
                 0              0.45         150.82133         22748.628         1.5550096                 0                 0        0.98760605            524288               0.1
                 0               0.5               150             22500                 0                 0                 0        0.98567772            524288               0.1
                 0              0.55         150.69678         22710.823         1.3039325                 0                 0        0.98345184            524288               0.1
                 0               0.6         152.49716         23260.578         5.1949909                 0                 0        0.98133278            524288               0.1
                 0              0.65          155.3795         24152.978         10.189943                 0                 0        0.97906685            524288               0.1
                 0               0.7         158.50078         25139.635         17.137021                 0                 0        0.97628593            524288               0.1
                 0              0.75          162.4895         26428.237         25.400493                 0                 0        0.97364998            524288               0.1
                 0               0.8         166.97366         27915.361         35.158805                 0                 0        0.97098923            524288               0.1
                 0              0.85         171.95124         29615.727         48.498175                 0                 0        0.96824265            524288               0.1
                 0               0.9         176.90674         31354.079         58.083125                 0                 0        0.96520424            524288               0.1
                 0              0.95         181.76384         33115.341         77.248854                 0                 0        0.96270561            524288               0.1
                 0               0.2         217.67665         47539.943         156.82122                 0                 0        0.99635124           1048576               0.1
                 0              0.25         186.97008         35044.011         86.198468                 0                 0        0.99498081           1048576               0.1
                 0               0.3         169.89306         28905.815         42.163295                 0                 0        0.99341106           1048576               0.1
                 0              0.35         159.77027         25546.237          19.69751                 0                 0        0.99178123           1048576               0.1
                 0               0.4         153.57851         23593.987         7.6265629                 0                 0        0.98988819           1048576               0.1
                 0              0.45          150.8786         22766.018         1.6650116                 0                 0        0.98790646           1048576               0.1
                 0               0.5               150             22500                 0                 0                 0        0.98570061           1048576               0.1
                 0              0.55         150.69183         22709.373          1.346077                 0                 0        0.98349667           1048576               0.1
                 0               0.6         152.41521         23235.377         4.9809474                 0                 0        0.98138237           1048576               0.1
                 0              0.65         155.08149         24060.562         10.293288                 0                 0        0.97888184           1048576               0.1
                 0               0.7         158.37896         25101.328         17.433338                 0                 0        0.97644901           1048576               0.1
                 0              0.75         162.47545         26425.465         27.192264                 0                 0        0.97370148           1048576               0.1
                 0               0.8         166.91354         27896.223         36.092805                 0                 0        0.97107124           1048576               0.1
                 0              0.85         171.59576         29489.274         44.169042                 0                 0        0.96851826           1048576               0.1
                 0               0.9         176.81751         31324.498         60.066825                 0                 0        0.96552944           1048576               0.1
                 0              0.95         182.07088         33223.146          73.34095                 0                 0        0.96282673           1048576               0.1


Time elpased for 1 thread(s): 163.406
