         ThreadNr.             Alpha            Energy     EnergySquared          Variance           BootVar       BlockingVar   AcceptanceRatio        TotalSteps        StepLength
                 4              0.45         151.17677         22855.767         1.3526987       0.027559046       0.014817265        0.74832153             65536                 1
                 2               0.4         153.60326         23602.276         8.3156394       0.089327029        0.15212352        0.75926208             65536                 1
                 5               0.3         169.54824         28780.317          33.71076        0.26751999        0.58386092        0.79438782             65536                 1
                 7              0.35         159.19399         25365.389         22.663359        0.21446982         1.6790291        0.77856445             65536                 1
                 3               0.2         213.24091          45610.77         139.08571         1.1892322         3.0873581        0.82835388             65536                 1
                 0              0.25          188.4101         35564.492         66.126774        0.89219299         1.2213843        0.81056213             65536                 1
                 1               0.5               150             22500                 0                 0                 0        0.73516846             65536                 1
                 6              0.55         150.70172         22712.224         1.2155236       0.028077504       0.018133286         0.7223053             65536                 1
                 2              0.65         155.53457         24202.032         11.029929        0.21384829        0.20731198        0.70075989             65536                 1
                 4               0.6         152.53771         23273.356         5.6030686        0.15751283       0.092480789        0.71398926             65536                 1
                 5               0.7         159.12692         25339.308         17.930034        0.26382914         0.3679123        0.69171143             65536                 1
                 7              0.75         162.50069         26427.414         20.939604        0.22503263        0.20286422        0.67959595             65536                 1
                 3               0.8         169.14544         28642.865         32.685757          1.444903        0.53635182        0.67001343             65536                 1
                 0              0.85         171.93165         29604.377          43.88514        0.22453639        0.84226163        0.65985107             65536                 1
                 6               0.9         177.93861         31709.688         47.538585        0.36061109        0.58793527        0.65306091             65536                 1
                 1              0.95         181.55938         33015.031         51.222384        0.43216312        0.47274665        0.64228821             65536                 1
                 4              0.25         186.82966         34984.061         78.738064         7.6056508        0.61747916        0.81123734            262144                 1
                 2               0.2         218.95597         48115.059         173.34386         5.6196163         1.8050132         0.8301506            262144                 1
                 5               0.3         171.84669         29584.939         53.653578        0.55501298        0.45986195        0.79292297            262144                 1
                 7              0.35         159.39799         25429.487         21.767276         4.1796918        0.17014555        0.77685547            262144                 1
                 0              0.45         150.70804         22714.673         1.7583654       0.056798142       0.012925601         0.7496109            262144                 1
                 3               0.4         153.66854         23621.924         7.9037974        0.14364121       0.056935743        0.76239014            262144                 1
                 6               0.5               150             22500                 0                 0               150         0.7366066            262144                 1
                 1              0.55         150.72867         22720.431         1.2997474        0.10879751       0.005719978        0.72153091            262144                 1
                 4               0.6         152.49862         23261.433         5.6043166        0.40201652       0.032452274        0.71205902            262144                 1
                 5               0.7         158.30907         25075.141         13.379521         2.4575492       0.051746623        0.68971634            262144                 1
                 2              0.65         155.05816         24053.206         10.173202         1.2320654       0.041261285        0.70009613            262144                 1
                 7              0.75         162.36817          26392.58         29.159353         1.0723863        0.11756473        0.67941666            262144                 1
                 0               0.8         166.07747         27619.236         37.509645         1.9861045        0.22235111        0.66961288            262144                 1
                 6               0.9         176.72586         31284.088         52.057175          3.805155          0.295703        0.65130997            262144                 1
                 1              0.95         181.82197         33124.857         65.628606         2.5009778        0.24117432        0.64173126            262144                 1
                 3              0.85         171.62003         29499.697         46.262183         3.5363582        0.18356939        0.65962982            262144                 1
                 4               0.2         216.87531         47180.265         145.36538         3.6011364        0.89355031        0.83063889            524288                 1
                 2               0.3         170.34984         29062.692         43.623266         3.4387723        0.19731786        0.79162979            524288                 1
                 5              0.25         188.06107         35454.462         87.496375         3.1118709        0.65827008        0.81088829            524288                 1
                 7              0.35         159.30283         25394.104         16.712194         2.0679232       0.058488279        0.77646828            524288                 1
                 6              0.45         150.70389         22713.136         1.4738272       0.091733752      0.0043820569        0.74854469            524288                 1
                 0               0.4         153.55594         23587.359         7.9335385        0.37408369       0.037749703        0.76203156            524288                 1
                 1               0.5               150             22500                 0                 0    8.1520832e-322        0.73577118            524288                 1
                 3              0.55         150.63458          22692.26         1.4828552       0.069907012      0.0041028464         0.7218914            524288                 1
                 5               0.7         158.83354         25245.146         17.053114         3.2420102        0.04722897        0.68972778            524288                 1
                 4               0.6         152.26003          23188.52         5.4051169        0.62606885       0.016051923         0.7117157            524288                 1
                 7              0.75         162.43333         26410.596         26.009358         4.0304817       0.088673861        0.67957115            524288                 1
                 2              0.65         155.18408         24092.917         10.818263        0.55114694        0.02961219        0.70123863            524288                 1
                 6               0.8         166.74724         27840.267         35.625254         1.8562502        0.09620365        0.66909599            524288                 1
                 1               0.9         177.32541         31499.484         55.184023         17.806272        0.14205949        0.65126991            524288                 1
                 0              0.85         171.43876         29440.729         49.480777         5.6783779        0.12873613        0.66023827            524288                 1
                 3              0.95         182.44512         33352.184         65.964122          5.687777        0.16209082        0.64353943            524288                 1
                 7               0.3         170.18333         29006.315         43.950186         14.530102        0.11365315        0.79298306           1048576                 1
                 5               0.2         217.03132           47241.4         138.80575         9.1188565        0.39487372        0.83076286           1048576                 1
                 2              0.35         159.59602         25491.709         20.821283          2.096372       0.050860853        0.77638054           1048576                 1
                 1              0.45         150.91396         22776.639         1.6168747         0.1428815      0.0034047881        0.74787617           1048576                 1
                 4              0.25         186.58923         34891.021         75.481627         11.267421         0.1898494        0.81210041           1048576                 1
                 6               0.4         153.67643         23623.795         7.3502906         2.1803673       0.015845104        0.76272964           1048576                 1
                 0               0.5               150             22500                 0                 0               150        0.73518944           1048576                 1
                 3              0.55         150.68556         22707.532         1.3946773        0.40048363       0.002753567        0.72366047           1048576                 1
                 7               0.6         152.44078         23243.289         5.0956469        0.69903961      0.0076364188        0.71064377           1048576                 1
                 5              0.65         155.21084         24100.963         10.558887         10.638828        0.01587112        0.70039368           1048576                 1
                 2               0.7         158.45989         25128.195         18.659025         6.4158656       0.026330606        0.68990231           1048576                 1
                 1              0.75         162.54298         26446.361         26.139757         2.9708033       0.050682582        0.68010616           1048576                 1
                 4               0.8         166.50331         27759.652          36.29965         7.1449123       0.045671033        0.67038918           1048576                 1
                 6              0.85         171.75048         29546.728         48.501083         11.097228       0.064341694        0.66144657           1048576                 1
                 3              0.95         181.99592         33195.503          72.98856         41.996751       0.088354369        0.64259815           1048576                 1
                 0               0.9         176.78315         31313.076         60.793693         18.648141       0.064487137        0.65117264           1048576                 1


Time elpased for 8 thread(s): 82.9069
