         ThreadNr.             Alpha            Energy     EnergySquared          Variance           BootVar       BlockingVar   AcceptanceRatio        TotalSteps          TimeStep
                 5              0.55         150.74193         22724.557         1.4286731                 0                 0        0.99945688           2097152              0.01
                 6              0.45         150.84794         22756.669         1.5669654                 0                 0        0.99962854           2097152              0.01
                 4               0.3          169.6754         28830.217         40.477102                 0                 0        0.99979639           2097152              0.01
                 0              0.25         188.30828          35537.75         77.742285                 0                 0        0.99983168           2097152              0.01
                 3              0.35         159.59808         25494.124         22.576565                 0                 0        0.99973917           2097152              0.01
                 2               0.5               150             22500                 0                 0                 0        0.99955034           2097152              0.01
                 1               0.2           218.973         48105.799         156.62388                 0                 0        0.99987268           2097152              0.01
                 7               0.4         153.84017         23674.741          7.943173                 0                 0        0.99968863           2097152              0.01
                 5               0.6         152.35937         23218.379         5.0032009                 0                 0        0.99941206           2097152              0.01
                 0              0.75         162.53683         26447.348          29.12554                 0                 0        0.99916506           2097152              0.01
                 4               0.7          158.8501         25250.377          17.02203                 0                 0        0.99924183           2097152              0.01
                 6              0.65         155.44165         24173.142         11.035815                 0                 0        0.99932241           2097152              0.01
                 2              0.85         171.75193         29539.911         41.184996                 0                 0        0.99907589           2097152              0.01
                 3               0.8         166.99897         27926.915          38.25725                 0                 0        0.99907351           2097152              0.01
                 1               0.9         176.89265         31345.271         54.262826                 0                 0        0.99891233           2097152              0.01
                 7              0.95          181.1922         32910.342         79.727683                 0                 0         0.9988265           2097152              0.01


Time elpased for 8 thread(s): 44.3712
