         ThreadNr.             Alpha            Energy     EnergySquared          Variance           BootVar       BlockingVar   AcceptanceRatio        TotalSteps          TimeStep
                 3               0.3         1.6981151         3.3141672         0.4305722                 0                 0        0.99978447           2097152              0.01
                 5              0.45         1.5060959         2.2845597       0.016234989                 0                 0        0.99960709           2097152              0.01
                 2               0.4         1.5404406         2.4496828       0.076725678                 0                 0        0.99966812           2097152              0.01
                 4              0.35         1.5982002         2.7554002        0.20115633                 0                 0        0.99971437           2097152              0.01
                 7               0.5               1.5              2.25                 0                 0                 0        0.99953842           2097152              0.01
                 1              0.55          1.506808         2.2842148       0.013744485                 0                 0        0.99950266           2097152              0.01
                 0               0.2         2.1674529         6.3541316         1.6562795                 0                 0        0.99986506           2097152              0.01
                 6              0.25         1.8855955         4.4133731        0.85790257                 0                 0         0.9998455           2097152              0.01
                 5              0.65         1.5528855         2.5168811        0.10542773                 0                 0        0.99932194           2097152              0.01
                 2               0.7         1.5873391         2.6934785         0.1738331                 0                 0        0.99927616           2097152              0.01
                 3               0.6           1.52457         2.3749755       0.050661705                 0                 0        0.99937582           2097152              0.01
                 4              0.75         1.6253929         2.9043846        0.26248271                 0                 0        0.99914074           2097152              0.01
                 1              0.85         1.7107992         3.3923826        0.46554865                 0                 0        0.99900579           2097152              0.01
                 7               0.8         1.6649195         3.1312441        0.35928713                 0                 0        0.99907446           2097152              0.01
                 0               0.9         1.7641705         3.6971694        0.58487191                 0                 0        0.99888515           2097152              0.01
                 6              0.95         1.8157151         4.0047834        0.70796221                 0                 0        0.99881411           2097152              0.01


Time elpased for 8 thread(s): 3.76447
