         ThreadNr.             Alpha            Energy     EnergySquared          Variance           BootVar       BlockingVar   AcceptanceRatio        TotalSteps          TimeStep
                 6               0.4         15.418216         238.52523        0.80383673                 0                 0        0.99969101           2097152              0.01
                 1               0.2         21.773046         489.91878         15.853255                 0                 0        0.99987984           2097152              0.01
                 0               0.3         16.920142         290.60632         4.3151235                 0                 0        0.99978733           2097152              0.01
                 3               0.5                15               225                 0                 0                 0        0.99957275           2097152              0.01
                 4              0.45         15.085809         227.74557        0.16394438                 0                 0        0.99963427           2097152              0.01
                 7              0.55         15.077007         227.45015        0.13401336                 0                 0        0.99946022           2097152              0.01
                 5              0.35          15.98701         257.53611          1.951621                 0                 0        0.99974108           2097152              0.01
                 2              0.25         18.831039         362.60183         7.9937885                 0                 0         0.9998436           2097152              0.01
                 1              0.65         15.541562         242.56038         1.0202403                 0                 0        0.99936628           2097152              0.01
                 0               0.7         15.892374         254.36877         1.8012335                 0                 0        0.99927998           2097152              0.01
                 6               0.6         15.284766         234.12147        0.49741292                 0                 0        0.99940729           2097152              0.01
                 3              0.75         16.270929         267.35975         2.6166037                 0                 0        0.99920082           2097152              0.01
                 4               0.8         16.652526         280.85242         3.5457826                 0                 0        0.99908113           2097152              0.01
                 2              0.95           18.2361         339.53407         6.9787288                 0                 0        0.99881697           2097152              0.01
                 7              0.85          17.18798         300.01521         4.5885413                 0                 0        0.99899244           2097152              0.01
                 5               0.9         17.722578         319.75584         5.6660751                 0                 0        0.99893427           2097152              0.01


Time elpased for 8 thread(s): 7.25619
