         ThreadNr.             Alpha            Energy     EnergySquared          Variance           BootVar       BlockingVar   AcceptanceRatio        TotalSteps          TimeStep
                 7              0.45          5.029399         25.350895       0.056040416                 0                 0        0.99395704           2097152               0.1
                 5               0.2         7.2531334         58.099405         5.4914603                 0                 0        0.99817371           2097152               0.1
                 1              0.35         5.3208169         28.971898         0.6608056                 0                 0        0.99576235           2097152               0.1
                 3              0.55         5.0190877         25.237763       0.046521978                 0                 0        0.99184752           2097152               0.1
                 6               0.5         4.9999942         24.999955     1.2564492e-05                 0                 0        0.99296951           2097152               0.1
                 2               0.4         5.1168588         26.433338        0.25109357                 0                 0        0.99493408           2097152               0.1
                 0               0.3         5.6603835          33.43877         1.3988297                 0                 0         0.9966898           2097152               0.1
                 4              0.25         6.2369376         41.723385         2.8239935                 0                 0        0.99747801           2097152               0.1
                 5              0.65         5.1730914         27.116321        0.35544579                 0                 0        0.98957682           2097152               0.1
                 1               0.7         5.2871387         28.541204        0.58736791                 0                 0        0.98829699           2097152               0.1
                 7               0.6         5.0803513         25.977112        0.16714235                 0                 0        0.99068737           2097152               0.1
                 3              0.75         5.4214815         30.257285        0.86482405                 0                 0        0.98695517           2097152               0.1
                 2              0.85         5.7196253         34.265123           1.55101                 0                 0        0.98412895           2097152               0.1
                 6               0.8         5.5642799          32.14533         1.1841193                 0                 0        0.98553514           2097152               0.1
                 0               0.9         5.8938722         36.674186         1.9364571                 0                 0        0.98296118           2097152               0.1
                 4              0.95         6.0801972         39.289847         2.3210497                 0                 0        0.98146582           2097152               0.1


Time elpased for 8 thread(s): 39.8699
