         ThreadNr.             Alpha            Energy     EnergySquared          Variance           BootVar       BlockingVar   AcceptanceRatio        TotalSteps          TimeStep
                 5               0.3        0.56613459        0.46344251        0.14293413                 0                 0        0.99675369           2097152               0.1
                 3              0.45        0.50277397        0.25831998      0.0055383127                 0                 0        0.99396181           2097152               0.1
                 1               0.4        0.51302747        0.28858297       0.025385786                 0                 0         0.9949131           2097152               0.1
                 2               0.2        0.72317049         1.0664722        0.54349668                 0                 0        0.99820375           2097152               0.1
                 6              0.55        0.50224405        0.25680196      0.0045528707                 0                 0        0.99179077           2097152               0.1
                 4              0.35        0.53194874        0.34907889       0.066109432                 0                 0        0.99577761           2097152               0.1
                 0              0.25        0.62223251        0.66454332        0.27737002                 0                 0         0.9974122           2097152               0.1
                 7               0.5        0.49999991        0.24999991      7.799159e-09                 0                 0        0.99285126           2097152               0.1
                 5               0.6        0.50854266        0.27539637       0.016780728                 0                 0        0.99078751           2097152               0.1
                 1               0.7         0.5290469        0.33852089       0.058630266                 0                 0        0.98826361           2097152               0.1
                 3              0.65        0.51712687        0.30259226       0.035172061                 0                 0        0.98945189           2097152               0.1
                 2              0.75        0.54239042        0.38040732       0.086219958                 0                 0        0.98710918           2097152               0.1
                 4              0.85        0.57251788        0.48148159        0.15370487                 0                 0        0.98438835           2097152               0.1
                 7              0.95        0.60653031        0.60401842         0.2361394                 0                 0        0.98150444           2097152               0.1
                 6               0.8        0.55588261        0.42841404        0.11940857                 0                 0        0.98569679           2097152               0.1
                 0               0.9        0.59001393        0.54065157        0.19253513                 0                 0        0.98276711           2097152               0.1


Time elpased for 8 thread(s): 3.31856
