         ThreadNr.             Alpha            Energy     EnergySquared          Variance           BootVar       BlockingVar   AcceptanceRatio        TotalSteps          TimeStep
                 6              0.35         53.292457         2846.9694         6.8834125                 0                 0         0.9958477           2097152               0.1
                 0               0.2         72.577626         5322.5686         55.056819                 0                 0        0.99817324           2097152               0.1
                 4              0.55         50.200121         2520.5673        0.51506698                 0                 0        0.99183178           2097152               0.1
                 3               0.4           51.1412         2617.9905         2.5681758                 0                 0        0.99497509           2097152               0.1
                 7              0.45         50.276556         2528.3369        0.60475554                 0                 0        0.99392223           2097152               0.1
                 2              0.25         62.604053         3946.6732          27.40576                 0                 0        0.99750853           2097152               0.1
                 5               0.3         56.651174         3224.3771         15.021644                 0                 0        0.99672413           2097152               0.1
                 1               0.5         49.999707         2500.0234        0.05272082                 0                 0        0.99296045           2097152               0.1
                 0              0.65         51.680139         2674.3533         3.5164983                 0                 0         0.9894352           2097152               0.1
                 3              0.75         54.090618         2934.5322         8.7372977                 0                 0          0.986938           2097152               0.1
                 2              0.85         57.087167         3274.5206         15.575961                 0                 0         0.9841342           2097152               0.1
                 5               0.9         58.725297         3467.8793         19.218744                 0                 0        0.98290491           2097152               0.1
                 6               0.6         50.851952         2587.6658         1.7448124                 0                 0        0.99070024           2097152               0.1
                 4               0.7         52.793638         2793.0622         5.8939587                 0                 0        0.98823214           2097152               0.1
                 7               0.8         55.590029         3102.2204         11.969065                 0                 0        0.98564911           2097152               0.1
                 1              0.95         60.762524         3715.9069         23.822601                 0                 0        0.98128748           2097152               0.1


Time elpased for 8 thread(s): 2399.3
