         ThreadNr.             Alpha            Energy     EnergySquared          Variance           BootVar       BlockingVar   AcceptanceRatio        TotalSteps          TimeStep
                 3              0.25         6.2762137         42.328952         2.9380931                 0                 0        0.99991941           2097152              0.01
                 7               0.5                 5                25                 0                 0                 0        0.99977589           2097152              0.01
                 4              0.45         5.0286541         25.346631       0.059269028                 0                 0        0.99981117           2097152              0.01
                 5              0.55          5.025561         25.301308        0.04504451                 0                 0        0.99974251           2097152              0.01
                 0               0.2         7.4451835         61.342841         5.9120833                 0                 0        0.99994516           2097152              0.01
                 1               0.3         5.6539715         33.349763         1.3823699                 0                 0        0.99989986           2097152              0.01
                 6               0.4         5.1081339         26.341274        0.24824193                 0                 0        0.99984026           2097152              0.01
                 2              0.35         5.2942343         28.671524        0.64260651                 0                 0        0.99987078           2097152              0.01
                 7              0.65         5.1660151         27.043106        0.35539368                 0                 0        0.99965048           2097152              0.01
                 4               0.7         5.2893646         28.570094        0.59271635                 0                 0        0.99961996           2097152              0.01
                 3               0.6         5.0941414         26.113868        0.16359116                 0                 0        0.99970055           2097152              0.01
                 0               0.8         5.5320631         31.799878         1.1961555                 0                 0        0.99952984           2097152              0.01
                 5              0.75         5.4084427         30.137966        0.88671314                 0                 0        0.99957371           2097152              0.01
                 1              0.85         5.6874063         33.943536         1.5969452                 0                 0        0.99952221           2097152              0.01
                 2              0.95         6.0921305         39.422436         2.3083809                 0                 0        0.99939966           2097152              0.01
                 6               0.9          5.861408         36.309324         1.9532203                 0                 0        0.99943733           2097152              0.01


Time elpased for 8 thread(s): 7.38247
