         ThreadNr.             Alpha            Energy     EnergySquared          Variance           BootVar       BlockingVar   AcceptanceRatio        TotalSteps          TimeStep
                 2              0.25         62.102901         3886.6663         29.895938                 0                 0        0.99991846           2097152              0.01
                 1               0.4         51.180309         2621.7201         2.2961032                 0                 0        0.99984837           2097152              0.01
                 6              0.35         53.602709         2880.0446         6.7942042                 0                 0        0.99987507           2097152              0.01
                 4               0.3         56.281992         3180.2199         12.557283                 0                 0        0.99990606           2097152              0.01
                 3              0.45         50.247832         2525.3954        0.55076845                 0                 0        0.99981976           2097152              0.01
                 0              0.55         50.143929         2514.8338         0.4201821                 0                 0         0.9997468           2097152              0.01
                 5               0.2         73.957278          5519.172         49.493058                 0                 0         0.9999404           2097152              0.01
                 7               0.5                50              2500                 0                 0                 0         0.9997592           2097152              0.01
                 2               0.6         50.824398         2584.7487         1.6292379                 0                 0        0.99970007           2097152              0.01
                 1              0.65         51.583869         2664.5127         3.6170933                 0                 0        0.99966049           2097152              0.01
                 6               0.7         52.848441         2798.6034         5.6457649                 0                 0        0.99962187           2097152              0.01
                 4              0.75         54.171608         2942.6324         8.0692785                 0                 0        0.99959183           2097152              0.01
                 3               0.8         55.673335         3111.9859          12.46576                 0                 0        0.99954653           2097152              0.01
                 0              0.85         57.168821         3283.2829         15.008844                 0                 0         0.9995079           2097152              0.01
                 5               0.9         58.944153         3494.9052         20.491932                 0                 0        0.99945927           2097152              0.01
                 7              0.95         60.497286         3686.2007         26.279074                 0                 0        0.99941254           2097152              0.01


Time elpased for 8 thread(s): 38.9043
