         ThreadNr.             Alpha            Energy     EnergySquared          Variance           BootVar       BlockingVar   AcceptanceRatio        TotalSteps          TimeStep
                 4               0.2        0.71738386          1.060651        0.54601145                 0                 0        0.99994755           2097152              0.01
                 2              0.25        0.61875355        0.64781754        0.26496159                 0                 0          0.999928           2097152              0.01
                 3               0.4        0.51229512        0.28812967       0.025683384                 0                 0        0.99984646           2097152              0.01
                 1              0.45        0.50301176        0.25860209      0.0055812603                 0                 0        0.99980879           2097152              0.01
                 7              0.55        0.50221435        0.25683465       0.004615398                 0                 0        0.99973631           2097152              0.01
                 5               0.5               0.5              0.25                 0                 0                 0        0.99976969           2097152              0.01
                 6              0.35        0.53262165        0.35113958       0.067453751                 0                 0        0.99987698           2097152              0.01
                 0               0.3        0.56431366        0.45556428        0.13711438                 0                 0        0.99989176           2097152              0.01
                 4               0.6        0.50996877        0.27643962        0.01637148                 0                 0         0.9997282           2097152              0.01
                 2              0.65        0.51766275         0.3030059       0.035031182                 0                 0        0.99967909           2097152              0.01
                 3               0.7        0.53061375        0.33842229       0.056871343                 0                 0        0.99964094           2097152              0.01
                 1              0.75        0.54019689        0.38173505       0.089922362                 0                 0        0.99957275           2097152              0.01
                 6               0.9        0.58779577        0.54244483        0.19694097                 0                 0        0.99943972           2097152              0.01
                 0              0.95         0.6115701        0.59809061        0.22407263                 0                 0        0.99939156           2097152              0.01
                 7               0.8        0.55632562        0.42749001        0.11799181                 0                 0        0.99953461           2097152              0.01
                 5              0.85        0.56902853        0.48237073        0.15857726                 0                 0        0.99948645           2097152              0.01


Time elpased for 8 thread(s): 3.21741
