         ThreadNr.             Alpha            Energy     EnergySquared          Variance           BootVar       BlockingVar   AcceptanceRatio        TotalSteps        StepLength
                 4              0.55         15.071267         227.27823        0.13513175                 0                 0        0.72256184           2097152                 1
                 5               0.4         15.375096          237.1495        0.75591144                 0                 0        0.76238251           2097152                 1
                 3               0.5                15               225                 0                 0                 0        0.73531389           2097152                 1
                 0              0.25         18.793018         361.66828         8.4907517                 0                 0        0.81032515           2097152                 1
                 2               0.2         21.693731         487.02662         16.408649                 0                 0        0.83016872           2097152                 1
                 7               0.3          17.03625         294.46386         4.2300495                 0                 0        0.79327822           2097152                 1
                 6              0.45         15.081784         227.62937        0.16914775                 0                 0        0.74833727           2097152                 1
                 1              0.35         15.972819         257.07023         1.9392915                 0                 0        0.77673864           2097152                 1
                 5              0.65         15.528209         242.16664         1.0413558                 0                 0        0.70033741           2097152                 1
                 0              0.75         16.271384         267.34274         2.5848025                 0                 0        0.68013287           2097152                 1
                 3               0.7         15.874727         253.74126         1.7343096                 0                 0        0.69002342           2097152                 1
                 4               0.6         15.239652         232.74875        0.50174387                 0                 0        0.71148682           2097152                 1
                 2               0.8          16.67677         281.65936         3.5446978                 0                 0        0.66983986           2097152                 1
                 7              0.85         17.180378         299.82844         4.6630656                 0                 0        0.66035604           2097152                 1
                 6               0.9         17.679797         318.35756         5.7823318                 0                 0        0.65153551           2097152                 1
                 1              0.95         18.179841         337.57523         7.0686153                 0                 0        0.64241552           2097152                 1


Time elpased for 8 thread(s): 4.85289
