         ThreadNr.             Alpha            Energy     EnergySquared          Variance           BootVar       BlockingVar   AcceptanceRatio        TotalSteps        StepLength
                 4               0.5               150             22500                 0                 0                 0        0.73510313           2097152                 1
                 5               0.3         170.04333         28955.311         40.576316                 0                 0        0.79241705           2097152                 1
                 1              0.25         188.48653         35612.211         85.039638                 0                 0        0.81033659           2097152                 1
                 7              0.55         150.71127         22715.232         1.3457785                 0                 0        0.72269201           2097152                 1
                 3              0.35         159.76832         25545.463         19.547845                 0                 0        0.77674818           2097152                 1
                 0               0.4         153.74343         23644.357         7.3155667                 0                 0        0.76177263           2097152                 1
                 6               0.2         217.37334         47413.834         162.66528                 0                 0        0.83006525           2097152                 1
                 2              0.45         150.82991         22751.259         1.5968005                 0                 0        0.74895287           2097152                 1
                 4               0.6         152.60372         23292.545         4.6490446                 0                 0        0.71173382           2097152                 1
                 7              0.75         162.67937         26491.722         27.145948                 0                 0        0.68005037           2097152                 1
                 5              0.65         155.25508         24114.564         10.424001                 0                 0        0.69998837           2097152                 1
                 3               0.8         167.21487         27997.039         36.226732                 0                 0        0.66957998           2097152                 1
                 0              0.85         171.88988         29592.972         46.840712                 0                 0        0.66095686           2097152                 1
                 1               0.7         158.78021           25228.7          17.54482                 0                 0        0.69055843           2097152                 1
                 6               0.9         176.87802         31343.036         57.203055                 0                 0         0.6513443           2097152                 1
                 2              0.95         181.88939         33153.771         70.022171                 0                 0        0.64296436           2097152                 1


Time elpased for 8 thread(s): 43.8566
