         ThreadNr.             Alpha            Energy     EnergySquared          Variance           BootVar       BlockingVar   AcceptanceRatio        TotalSteps        StepLength
                 2               0.2         2.1658483         6.3007413         1.6098426                 0                 0        0.83000088           2097152                 1
                 6               0.5               1.5              2.25                 0                 0                 0        0.73578453           2097152                 1
                 1               0.3         1.7006895         3.3196355        0.42729088                 0                 0        0.79256392           2097152                 1
                 4              0.35         1.5946664         2.7399616        0.19700051                 0                 0        0.77712107           2097152                 1
                 5              0.45         1.5086521         2.2929917        0.01696036                 0                 0        0.74831295           2097152                 1
                 0              0.25         1.8701281         4.3336746        0.83629532                 0                 0        0.81072187           2097152                 1
                 3               0.4         1.5368911          2.437904       0.075869691                 0                 0        0.76239204           2097152                 1
                 7              0.55         1.5062403         2.2825748       0.013814816                 0                 0        0.72343397           2097152                 1
                 1               0.7         1.5853759         2.6903926        0.17697605                 0                 0        0.68970013           2097152                 1
                 6              0.65         1.5520527         2.5151173        0.10624974                 0                 0         0.7002244           2097152                 1
                 2               0.6         1.5256148         2.3780922       0.050591666                 0                 0        0.71128368           2097152                 1
                 4              0.75         1.6247781          2.899427        0.25952304                 0                 0        0.67948723           2097152                 1
                 7              0.95         1.8186177         4.0208709        0.71350063                 0                 0        0.64259577           2097152                 1
                 3               0.9         1.7688888         3.7058814        0.57691376                 0                 0        0.65106487           2097152                 1
                 0              0.85         1.7144959         3.4078419        0.46834576                 0                 0        0.66015673           2097152                 1
                 5               0.8         1.6715341           3.14426        0.35023382                 0                 0        0.67000103           2097152                 1


Time elpased for 8 thread(s): 1.56478
