         ThreadNr.             Alpha            Energy     EnergySquared          Variance           BootVar       BlockingVar   AcceptanceRatio        TotalSteps          TimeStep      LearningRate
                 6               0.7         135.56395         18412.274         34.689889                 0      0.0063300892        0.93313503           1048576               0.1                 0
                 3               0.6         130.07627         16930.428         10.592105                 0      0.0028183328        0.94390297           1048576               0.1                 0
                 4               0.8         143.22074         20581.289         69.109342                 0       0.011003158        0.92060471           1048576               0.1                 0
                 1               0.4         129.93583         16895.735         12.413834                 0      0.0029122294        0.96865559           1048576               0.1                 0
                 2               0.2         181.86935         33351.109         274.64981                 0        0.13977588        0.98773956           1048576               0.1                 0
                 0               0.3         142.67994         20427.076         69.510121                 0      0.0075481513        0.97860527           1048576               0.1                 0
                 5               0.5         127.34885         16217.927        0.19811924                 0      7.323846e-05        0.95746803           1048576               0.1                 0


Time elpased for 7 thread(s): 550.586
