         ThreadNr.             Alpha            Energy     EnergySquared          Variance           BootVar       BlockingVar   AcceptanceRatio        TotalSteps          TimeStep      LearningRate
                 3               0.7          25.83975         673.80799         6.1152897                 0     0.00021948211        0.93758392           1048576               0.1                 0
                 2               0.3         27.588723         775.47957         14.341914                 0      0.0010132413        0.98164272           1048576               0.1                 0
                 0               0.6         24.837264         618.64415         1.7544505                 0     7.1659907e-05        0.95005894           1048576               0.1                 0
                 6               0.5          24.40067         595.39565       0.002969869                 0     1.7924373e-07        0.96171951           1048576               0.1                 0
                 1               0.4         24.963505         625.67216         2.4955667                 0     0.00014118804        0.97153091           1048576               0.1                 0
                 4               0.8          27.19561         752.02495         12.423724                 0     0.00040300085        0.92369747           1048576               0.1                 0
                 5               0.2         35.456181         1312.5253         55.384491                 0      0.0059780416        0.99005795           1048576               0.1                 0


Time elpased for 7 thread(s): 24.5468
