         ThreadNr.             Alpha            Energy     EnergySquared          Variance           BootVar       BlockingVar   AcceptanceRatio        TotalSteps          TimeStep      LearningRate
                 2               0.2         375.11967         141320.66         605.88862                 0        0.55451232        0.98518276           1048576               0.1                 0
                 5               0.8         301.85501         91264.248         147.80356                 0       0.055032172        0.91599274           1048576               0.1                 0
                 3               0.7           284.943         81267.145         74.631473                 0       0.029853503        0.92901039           1048576               0.1                 0
                 1               0.5         266.53584         71042.521         1.1683806                 0      0.0010401785        0.95283794           1048576               0.1                 0
                 4               0.6         272.69225         74384.757         23.696406                 0      0.0099477946        0.94157124           1048576               0.1                 0
                 0               0.4          271.0677         73503.211         25.510381                 0       0.011073776        0.96443558           1048576               0.1                 0
                 6               0.3         296.98016         88347.539         150.32275                 0       0.085994918        0.97538471           1048576               0.1                 0


Time elpased for 7 thread(s): 2002.63
