         ThreadNr.             Alpha            Energy     EnergySquared          Variance           BootVar       BlockingVar   AcceptanceRatio        TotalSteps          TimeStep      LearningRate
                 0               0.4         3.0757944         9.6105086        0.14999759                 0                 0        0.98981476            131072               0.1             0.001
                 0        0.40166968         3.0680545         9.5541365        0.14117821                 0                 0        0.98944092            131072               0.1             0.001
                 0        0.40326496         3.0787351         9.6171663        0.13855617                 0                 0        0.98963928            131072               0.1             0.001
                 0        0.40485365         3.0726484         9.5773178        0.13614944                 0                 0        0.98951721            131072               0.1             0.001
                 0        0.40643811         3.0713398         9.5643834        0.13125523                 0                 0        0.98946381            131072               0.1             0.001
                 0        0.40798879         3.0605334         9.4862385        0.11937372                 0                 0        0.98928833            131072               0.1             0.001
                 0        0.40942072         3.0586711         9.4763761        0.12090734                 0                 0        0.98950195            131072               0.1             0.001
                 0        0.41089156         3.0635713         9.5055029        0.12003404                 0                 0        0.98907471            131072               0.1             0.001
                 0        0.41237356          3.061919         9.4902395         0.1148916                 0                 0        0.98913574            131072               0.1             0.001
                 0        0.41381378         3.0595167         9.4710414        0.11039869                 0                 0        0.98859406            131072               0.1             0.001
                 0        0.41521861         3.0508887         9.4099875        0.10206589                 0                 0         0.9895401            131072               0.1             0.001
                 0        0.41653717         3.0529339         9.4182366       0.097831299                 0                 0        0.98841095            131072               0.1             0.001
                 0         0.4178191         3.0507993         9.4041027       0.096726553                 0                 0        0.98913574            131072               0.1             0.001
                 0        0.41910463         3.0490567         9.3927692       0.096022297                 0                 0        0.98893738            131072               0.1             0.001
                 0        0.42039927         3.0487307         9.3892509       0.094491808                 0                 0         0.9890213            131072               0.1             0.001
                 0        0.42169229         3.0442647         9.3552087       0.087661158                 0                 0        0.98878479            131072               0.1             0.001
                 0        0.42291004         3.0488044         9.3818637       0.086655359                 0                 0        0.98874664            131072               0.1             0.001
                 0        0.42413116         3.0509764         9.3931482       0.084690882                 0                 0        0.98869324            131072               0.1             0.001
                 0        0.42534227         3.0378174         9.3071578       0.078823273                 0                 0        0.98919678            131072               0.1             0.001
                 0        0.42648638         3.0328145         9.2712118        0.07324788                 0                 0        0.98880768            131072               0.1             0.001
                 0        0.42756495           3.04596         9.3529792       0.075106799                 0                 0         0.9888916            131072               0.1             0.001
                 0        0.42868594         3.0369858         9.2928662        0.06958338                 0                 0        0.98853302            131072               0.1             0.001
                 0         0.4297397         3.0379915          9.298869       0.069476365                 0                 0        0.98819733            131072               0.1             0.001
                 0        0.43080646         3.0392793         9.3042165       0.066997581                 0                 0        0.98847198            131072               0.1             0.001
                 0        0.43184991         3.0370475         9.2881314       0.064474169                 0                 0        0.98838043            131072               0.1             0.001
                 0        0.43286825         3.0325098         9.2586744       0.062559005                 0                 0        0.98845673            131072               0.1             0.001
                 0        0.43387035         3.0336156         9.2644314       0.061607819                 0                 0        0.98839569            131072               0.1             0.001
                 0        0.43487113         3.0277034         9.2223612       0.055373085                 0                 0        0.98851013            131072               0.1             0.001
                 0        0.43578355         3.0361711         9.2762756       0.057940317                 0                 0        0.98796844            131072               0.1             0.001
                 0        0.43675095         3.0268387         9.2152298       0.053477282                 0                 0        0.98847198            131072               0.1             0.001
                 0        0.43765669         3.0251591         9.2037468       0.052159227                 0                 0        0.98856354            131072               0.1             0.001
                 0        0.43855211         3.0336069         9.2562123       0.053441677                 0                 0        0.98817444            131072               0.1             0.001
                 0        0.43948199         3.0249763         9.1982608       0.047779376                 0                 0        0.98784637            131072               0.1             0.001
                 0        0.44032546         3.0240636         9.1923563       0.047395603                 0                 0        0.98833466            131072               0.1             0.001
                 0        0.44117322         3.0264611         9.2053828        0.04591614                 0                 0        0.98756409            131072               0.1             0.001
                 0        0.44200568          3.026184         9.2025608       0.044771134                 0                 0        0.98796844            131072               0.1             0.001
                 0         0.4428283         3.0250427          9.195421       0.044537842                 0                 0         0.9881897            131072               0.1             0.001
                 0        0.44365773         3.0208344         9.1674338       0.041993549                 0                 0        0.98808289            131072               0.1             0.001
                 0        0.44445069         3.0221428         9.1745703       0.041223269                 0                 0        0.98796844            131072               0.1             0.001
                 0         0.4452397         3.0239536         9.1850039        0.04070828                 0                 0        0.98797607            131072               0.1             0.001
                 0        0.44602934         3.0191637         9.1533136       0.037963892                 0                 0         0.9878006            131072               0.1             0.001
                 0        0.44677605         3.0212153         9.1652912       0.037549102                 0                 0        0.98766327            131072               0.1             0.001
                 0        0.44752436         3.0176921         9.1426867       0.036221014                 0                 0        0.98814392            131072               0.1             0.001
                 0        0.44825599         3.0227748          9.173327       0.036159719                 0                 0        0.98848724            131072               0.1             0.001
                 0        0.44899607         3.0190197         9.1484024        0.03392242                 0                 0        0.98802185            131072               0.1             0.001
                 0        0.44970006         3.0228626         9.1725507       0.034852282                 0                 0        0.98849487            131072               0.1             0.001
                 0        0.45043288         3.0166836         9.1323798       0.031999728                 0                 0        0.98753357            131072               0.1             0.001
                 0        0.45111527         3.0222851         9.1669258       0.032718306                 0                 0        0.98778534            131072               0.1             0.001
                 0        0.45182217         3.0160338         9.1262229       0.029762928                 0                 0        0.98752594            131072               0.1             0.001
                 0        0.45247437         3.0181869          9.138822       0.029369872                 0                 0        0.98761749            131072               0.1             0.001
                 0        0.45312635         3.0159601         9.1244426       0.028427226                 0                 0        0.98771286            262144               0.1             0.001
                 0        0.45376583         3.0176267         9.1338262       0.027755315                 0                 0        0.98744965            262144               0.1             0.001
                 0        0.45439843         3.0176853         9.1340673       0.027643037                 0                 0        0.98769379            262144               0.1             0.001
                 0        0.45503683          3.016869         9.1278181       0.026319548                 0                 0        0.98788071            262144               0.1             0.001
                 0        0.45565297         3.0164847         9.1250911       0.025910992                 0                 0        0.98744965            262144               0.1             0.001
                 0        0.45626754         3.0154219         9.1174681       0.024699027                 0                 0        0.98755264            262144               0.1             0.001
                 0        0.45686128         3.0152879         9.1158188       0.023857999                 0                 0        0.98726273            262144               0.1             0.001
                 0        0.45744244         3.0147161         9.1120494       0.023536325                 0                 0        0.98731232            262144               0.1             0.001
                 0        0.45802328          3.017801         9.1305586       0.023435734                 0                 0        0.98722076            262144               0.1             0.001
                 0         0.4586093         3.0139546         9.1057934       0.021871221                 0                 0        0.98728561            262144               0.1             0.001
                 0        0.45916364         3.0141416         9.1065045       0.021454948                 0                 0        0.98772812            262144               0.1             0.001
                 0        0.45971454         3.0160908         9.1181021       0.021298518                 0                 0        0.98734665            262144               0.1             0.001
                 0        0.46026865         3.0147785         9.1091902        0.02030108                 0                 0        0.98716736            262144               0.1             0.001
                 0        0.46080393         3.0139496         9.1041722       0.020280249                 0                 0        0.98753738            262144               0.1             0.001
                 0        0.46134568         3.0128025          9.096224       0.019244781                 0                 0        0.98721695            262144               0.1             0.001
                 0        0.46186673         3.0120611         9.0912707       0.018758611                 0                 0        0.98714447            262144               0.1             0.001
                 0        0.46238138         3.0137882         9.1012106       0.018291433                 0                 0        0.98735046            262144               0.1             0.001
                 0        0.46288982         3.0113905         9.0858579       0.017385405                 0                 0        0.98735428            262144               0.1             0.001
                 0        0.46337948         3.0110089         9.0832349       0.017060467                 0                 0        0.98696899            262144               0.1             0.001
                 0        0.46386622          3.011124         9.0834147       0.016546699                 0                 0        0.98693466            262144               0.1             0.001
                 0        0.46434444         3.0096273         9.0734748        0.01561843                 0                 0        0.98667526            262144               0.1             0.001
                 0         0.4648018         3.0111901         9.0830914       0.015825559                 0                 0        0.98671341            262144               0.1             0.001
                 0        0.46527097         3.0116937         9.0855404       0.015241557                 0                 0        0.98727798            262144               0.1             0.001
                 0        0.46572878         3.0122466         9.0886702       0.015040694                 0                 0         0.9874649            262144               0.1             0.001
                 0        0.46618637         3.0104483         9.0773608       0.014562033                 0                 0        0.98691559            262144               0.1             0.001
                 0        0.46663524         3.0096067         9.0717715       0.014038771                 0                 0        0.98707199            262144               0.1             0.001
                 0         0.4670737          3.010145         9.0745106        0.01353758                 0                 0        0.98706055            262144               0.1             0.001
                 0        0.46750198         3.0096369         9.0710371       0.013122705                 0                 0        0.98722076            262144               0.1             0.001
                 0        0.46792244         3.0098869         9.0721205       0.012701436                 0                 0        0.98708344            262144               0.1             0.001
                 0        0.46833465         3.0093565         9.0689447       0.012718247                 0                 0        0.98719788            262144               0.1             0.001
                 0        0.46875261         3.0105799         9.0761716       0.012580137                 0                 0        0.98707962            262144               0.1             0.001
                 0        0.46917142         3.0074445         9.0564984        0.01177606                 0                 0        0.98717499            262144               0.1             0.001
                 0        0.46956868         3.0074124         9.0560261       0.011496572                 0                 0         0.9869194            262144               0.1             0.001
                 0        0.46996144         3.0090381         9.0654948       0.011184475                 0                 0        0.98716736            262144               0.1             0.001
                 0        0.47034845         3.0099889         9.0712468       0.011213343                 0                 0        0.98706436            262144               0.1             0.001
                 0        0.47074136         3.0088689         9.0640063       0.010713918                 0                 0        0.98665237            262144               0.1             0.001
                 0        0.47112169         3.0083178         9.0603469       0.010370799                 0                 0         0.9867363            262144               0.1             0.001
                 0        0.47149458         3.0075377         9.0552914       0.010008282                 0                 0        0.98699951            262144               0.1             0.001
                 0        0.47185913          3.007488         9.0547023      0.0097181639                 0                 0        0.98704529            262144               0.1             0.001
                 0        0.47221762         3.0065702         9.0487671      0.0093026889                 0                 0        0.98680878            262144               0.1             0.001
                 0        0.47256513         3.0084471         9.0600306      0.0092768605                 0                 0        0.98671722            262144               0.1             0.001
                 0        0.47291594         3.0077897         9.0559893      0.0091902092                 0                 0        0.98675537            262144               0.1             0.001
                 0         0.4732679         3.0077997         9.0556951      0.0088361387                 0                 0        0.98668289            262144               0.1             0.001
                 0        0.47361068         3.0067098         9.0488902      0.0085865802                 0                 0        0.98655319            262144               0.1             0.001
                 0        0.47394799         3.0068601         9.0494286      0.0082208486                 0                 0        0.98672867            262144               0.1             0.001
                 0        0.47427511         3.0075644         9.0534635      0.0080196104                 0                 0        0.98667908            262144               0.1             0.001
                 0        0.47459816          3.006664         9.0478711      0.0078429354                 0                 0        0.98665237            262144               0.1             0.001
                 0        0.47491805         3.0074457          9.052601      0.0078713121                 0                 0        0.98630142            262144               0.1             0.001
                 0        0.47524313         3.0071343         9.0504693       0.007612396                 0                 0        0.98648834            262144               0.1             0.001
                 0        0.47556155         3.0082006         9.0566454      0.0073745207                 0                 0        0.98619461            262144               0.1             0.001
                 0          0.475874         3.0067626         9.0477675      0.0071462255                 0                 0        0.98675537            262144               0.1            0.0001
                 0        0.47590468         3.0064424         9.0459496      0.0072534046                 0                 0        0.98646545            262144               0.1            0.0001
                 0        0.47593584         3.0075153         9.0523509      0.0072027849                 0                 0          0.986763            262144               0.1            0.0001
                 0        0.47596682          3.006852          9.048151      0.0069921857                 0                 0        0.98694992            262144               0.1            0.0001
                 0        0.47599694         3.0062557         9.0445337      0.0069604493                 0                 0        0.98667145            262144               0.1            0.0001
                 0        0.47602697         3.0063585         9.0453157      0.0071240718                 0                 0        0.98700333            262144               0.1            0.0001
                 0        0.47605773         3.0082622         9.0568994      0.0072581719                 0                 0        0.98677826            262144               0.1            0.0001
                 0        0.47608911          3.007719         9.0534528      0.0070794545                 0                 0        0.98666382            262144               0.1            0.0001
                 0        0.47611975          3.006249         9.0444372      0.0069039078                 0                 0          0.986866            262144               0.1            0.0001
                 0        0.47614967         3.0067018          9.047238      0.0069825871                 0                 0        0.98695374            262144               0.1            0.0001
                 0        0.47617999         3.0063535         9.0450564      0.0068948414                 0                 0        0.98626709            262144               0.1            0.0001
                 0        0.47620995         3.0078874         9.0543448      0.0069584483                 0                 0        0.98687363            262144               0.1            0.0001
                 0        0.47624022         3.0066234         9.0466269      0.0068425908                 0                 0        0.98658371            262144               0.1            0.0001
                 0        0.47627003         3.0061679         9.0440018      0.0069566529                 0                 0        0.98654175            262144               0.1            0.0001
                 0        0.47630037         3.0078881         9.0543353       0.006944674                 0                 0        0.98685074            262144               0.1            0.0001
                 0         0.4763307         3.0056188         9.0405432      0.0067985691                 0                 0        0.98706818            262144               0.1            0.0001
                 0        0.47636044         3.0071986         9.0502474      0.0070041359                 0                 0        0.98642731            262144               0.1            0.0001
                 0         0.4763911         3.0071313          9.049802       0.006963129                 0                 0        0.98649979            262144               0.1            0.0001
                 0        0.47642162         3.0073803         9.0513195      0.0069834955                 0                 0        0.98661804            262144               0.1            0.0001
                 0        0.47645227         3.0077597         9.0535101      0.0068913927                 0                 0        0.98683929            262144               0.1            0.0001
                 0        0.47648256         3.0063198         9.0447568       0.006798038                 0                 0        0.98648071            262144               0.1            0.0001
                 0        0.47651247         3.0069067         9.0482217      0.0067339455                 0                 0         0.9867363            262144               0.1            0.0001
                 0        0.47654214         3.0069353          9.048538      0.0068781693                 0                 0        0.98647308            262144               0.1            0.0001
                 0        0.47657249         3.0072134         9.0501707      0.0068381569                 0                 0        0.98658371            262144               0.1            0.0001
                 0        0.47660269         3.0065041         9.0458493      0.0067822035                 0                 0        0.98686218            262144               0.1            0.0001
                 0        0.47663269         3.0079283         9.0544029      0.0067703848                 0                 0        0.98656845            262144               0.1            0.0001
                 0        0.47666266         3.0052199          9.038012      0.0066653916                 0                 0           0.98666            262144               0.1            0.0001
                 0        0.47669223         3.0062389         9.0441165      0.0066439255                 0                 0        0.98659897            262144               0.1            0.0001
                 0        0.47672172         3.0067461         9.0471385      0.0066162988                 0                 0        0.98614883            262144               0.1            0.0001
                 0        0.47675113         3.0059364         9.0422583       0.006604418                 0                 0        0.98661423            262144               0.1            0.0001
                 0        0.47678052         3.0067264         9.0470542      0.0066502106                 0                 0        0.98613739            262144               0.1            0.0001
                 0        0.47681016         3.0066709         9.0466172      0.0065475329                 0                 0        0.98682404            262144               0.1            0.0001
                 0        0.47683937         3.0066727         9.0466563      0.0065757047                 0                 0        0.98667526            262144               0.1            0.0001
                 0        0.47686875         3.0069244         9.0482196      0.0066250612                 0                 0        0.98651505            262144               0.1            0.0001
                 0        0.47689838         3.0073979         9.0511838      0.0067419056                 0                 0        0.98722076            262144               0.1            0.0001
                 0        0.47692857         3.0063442         9.0446791      0.0065735756                 0                 0        0.98680496            262144               0.1            0.0001
                 0        0.47695805         3.0071334         9.0493944      0.0065433182                 0                 0        0.98684311            262144               0.1            0.0001
                 0        0.47698743         3.0074854         9.0516137      0.0066450312                 0                 0        0.98662567            262144               0.1            0.0001
                 0        0.47701729         3.0073549         9.0507803      0.0065965955                 0                 0        0.98669434            262144               0.1            0.0001
                 0        0.47704698         3.0064303         9.0450595      0.0064364708                 0                 0        0.98675156            262144               0.1            0.0001
                 0        0.47707599          3.007462         9.0513408      0.0065129449                 0                 0        0.98653412            262144               0.1            0.0001
                 0        0.47710538         3.0067956         9.0473823      0.0065622537                 0                 0        0.98649597            262144               0.1            0.0001
                 0        0.47713503          3.005955         9.0421682      0.0064024439                 0                 0        0.98650742            262144               0.1            0.0001
                 0        0.47716401         3.0067723         9.0470149      0.0063350282                 0                 0        0.98676682            262144               0.1            0.0001
                 0        0.47719271         3.0074825         9.0514322      0.0064814807                 0                 0        0.98691559            262144               0.1            0.0001
                 0         0.4772221         3.0062033         9.0436313      0.0063727444                 0                 0        0.98683167            262144               0.1            0.0001
                 0        0.47725104         3.0068962         9.0477236      0.0062986907                 0                 0        0.98693466            262144               0.1            0.0001
                 0        0.47727968         3.0065938          9.045856      0.0062498175                 0                 0        0.98649597            262144               0.1            0.0001
                 0        0.47730814         3.0069272         9.0478977      0.0062864073                 0                 0        0.98651886            262144               0.1            0.0001
                 0         0.4773368         3.0067133         9.0467168      0.0063917277                 0                 0        0.98668289            262144               0.1            0.0001


Time elpased for 8 thread(s): 45.9827
