       Energy  Energy_sqrd   QuantVar  BlockingVar   MCcycles  TimeStep    Eta  AcceptanceRation
0    6.772421    56.021430  10.155739     0.019768    16384.0       0.1  0.001          0.992950
1    2.584526     7.996140   1.316367     0.001430    16384.0       0.1  0.001          0.992859
2    2.508661     7.432486   1.139105     0.001139    16384.0       0.1  0.001          0.992798
3    2.508650     7.427689   1.134365     0.001128    16384.0       0.1  0.001          0.992798
4    2.509186     7.430511   1.134495     0.001128    16384.0       0.1  0.001          0.992798
5    2.509314     7.431221   1.134563     0.001128    16384.0       0.1  0.001          0.992798
6    2.509341     7.431368   1.134578     0.001128    16384.0       0.1  0.001          0.992798
7    2.509346     7.431397   1.134581     0.001128    16384.0       0.1  0.001          0.992798
8    2.509347     7.431403   1.134581     0.001128    16384.0       0.1  0.001          0.992798
9    2.509347     7.431404   1.134582     0.001128    16384.0       0.1  0.001          0.992798
10   2.509347     7.431404   1.134582     0.001128    16384.0       0.1  0.001          0.992798
11   2.509347     7.431404   1.134582     0.001128    16384.0       0.1  0.001          0.992798
12   0.000000     0.000000   0.000000     0.000000        0.0       0.0  0.000          0.000000
13   0.000000     0.000000   0.000000     0.000000        0.0       0.0  0.000          0.000000
14   0.000000     0.000000   0.000000     0.000000        0.0       0.0  0.000          0.000000
15   0.000000     0.000000   0.000000     0.000000        0.0       0.0  0.000          0.000000
16   0.000000     0.000000   0.000000     0.000000        0.0       0.0  0.000          0.000000
17   0.000000     0.000000   0.000000     0.000000        0.0       0.0  0.000          0.000000
18   0.000000     0.000000   0.000000     0.000000        0.0       0.0  0.000          0.000000
19   0.000000     0.000000   0.000000     0.000000        0.0       0.0  0.000          0.000000
20   0.000000     0.000000   0.000000     0.000000        0.0       0.0  0.000          0.000000
21   0.000000     0.000000   0.000000     0.000000        0.0       0.0  0.000          0.000000
22   0.000000     0.000000   0.000000     0.000000        0.0       0.0  0.000          0.000000
23   0.000000     0.000000   0.000000     0.000000        0.0       0.0  0.000          0.000000
24   0.000000     0.000000   0.000000     0.000000        0.0       0.0  0.000          0.000000
25   0.000000     0.000000   0.000000     0.000000        0.0       0.0  0.000          0.000000
26   0.000000     0.000000   0.000000     0.000000        0.0       0.0  0.000          0.000000
27   0.000000     0.000000   0.000000     0.000000        0.0       0.0  0.000          0.000000
28   0.000000     0.000000   0.000000     0.000000        0.0       0.0  0.000          0.000000
29   0.000000     0.000000   0.000000     0.000000        0.0       0.0  0.000          0.000000
30   0.000000     0.000000   0.000000     0.000000        0.0       0.0  0.000          0.000000
31   0.000000     0.000000   0.000000     0.000000        0.0       0.0  0.000          0.000000
32   0.000000     0.000000   0.000000     0.000000        0.0       0.0  0.000          0.000000
33   0.000000     0.000000   0.000000     0.000000        0.0       0.0  0.000          0.000000
34   0.000000     0.000000   0.000000     0.000000        0.0       0.0  0.000          0.000000
35   0.000000     0.000000   0.000000     0.000000        0.0       0.0  0.000          0.000000
36   0.000000     0.000000   0.000000     0.000000        0.0       0.0  0.000          0.000000
37   0.000000     0.000000   0.000000     0.000000        0.0       0.0  0.000          0.000000
38   0.000000     0.000000   0.000000     0.000000        0.0       0.0  0.000          0.000000
39   0.000000     0.000000   0.000000     0.000000        0.0       0.0  0.000          0.000000
40   0.000000     0.000000   0.000000     0.000000        0.0       0.0  0.000          0.000000
41   0.000000     0.000000   0.000000     0.000000        0.0       0.0  0.000          0.000000
42   0.000000     0.000000   0.000000     0.000000        0.0       0.0  0.000          0.000000
43   0.000000     0.000000   0.000000     0.000000        0.0       0.0  0.000          0.000000
44   0.000000     0.000000   0.000000     0.000000        0.0       0.0  0.000          0.000000
45   0.000000     0.000000   0.000000     0.000000        0.0       0.0  0.000          0.000000
46   0.000000     0.000000   0.000000     0.000000        0.0       0.0  0.000          0.000000
47   0.000000     0.000000   0.000000     0.000000        0.0       0.0  0.000          0.000000
48   0.000000     0.000000   0.000000     0.000000        0.0       0.0  0.000          0.000000
49   0.000000     0.000000   0.000000     0.000000        0.0       0.0  0.000          0.000000
50   6.772421    56.021430  10.155739     0.019768    16384.0       0.1  0.005          0.992950
51   2.579399     7.958438   1.305139     0.001411    16384.0       0.1  0.005          0.992859
52   2.508473     7.430829   1.138390     0.001138    16384.0       0.1  0.005          0.992798
53   2.508627     7.427411   1.134201     0.001128    16384.0       0.1  0.005          0.992798
54   2.509137     7.430114   1.134343     0.001127    16384.0       0.1  0.005          0.992798
55   2.509255     7.430769   1.134407     0.001127    16384.0       0.1  0.005          0.992798
56   2.509279     7.430901   1.134421     0.001127    16384.0       0.1  0.005          0.992798
57   2.509283     7.430927   1.134424     0.001127    16384.0       0.1  0.005          0.992798
58   2.509284     7.430932   1.134424     0.001127    16384.0       0.1  0.005          0.992798
59   2.509285     7.430933   1.134424     0.001127    16384.0       0.1  0.005          0.992798
60   2.509285     7.430934   1.134424     0.001127    16384.0       0.1  0.005          0.992798
61   2.509285     7.430934   1.134424     0.001127    16384.0       0.1  0.005          0.992798
62   0.000000     0.000000   0.000000     0.000000        0.0       0.0  0.000          0.000000
63   0.000000     0.000000   0.000000     0.000000        0.0       0.0  0.000          0.000000
64   0.000000     0.000000   0.000000     0.000000        0.0       0.0  0.000          0.000000
65   0.000000     0.000000   0.000000     0.000000        0.0       0.0  0.000          0.000000
66   0.000000     0.000000   0.000000     0.000000        0.0       0.0  0.000          0.000000
67   0.000000     0.000000   0.000000     0.000000        0.0       0.0  0.000          0.000000
68   0.000000     0.000000   0.000000     0.000000        0.0       0.0  0.000          0.000000
69   0.000000     0.000000   0.000000     0.000000        0.0       0.0  0.000          0.000000
70   0.000000     0.000000   0.000000     0.000000        0.0       0.0  0.000          0.000000
71   0.000000     0.000000   0.000000     0.000000        0.0       0.0  0.000          0.000000
72   0.000000     0.000000   0.000000     0.000000        0.0       0.0  0.000          0.000000
73   0.000000     0.000000   0.000000     0.000000        0.0       0.0  0.000          0.000000
74   0.000000     0.000000   0.000000     0.000000        0.0       0.0  0.000          0.000000
75   0.000000     0.000000   0.000000     0.000000        0.0       0.0  0.000          0.000000
76   0.000000     0.000000   0.000000     0.000000        0.0       0.0  0.000          0.000000
77   0.000000     0.000000   0.000000     0.000000        0.0       0.0  0.000          0.000000
78   0.000000     0.000000   0.000000     0.000000        0.0       0.0  0.000          0.000000
79   0.000000     0.000000   0.000000     0.000000        0.0       0.0  0.000          0.000000
80   0.000000     0.000000   0.000000     0.000000        0.0       0.0  0.000          0.000000
81   0.000000     0.000000   0.000000     0.000000        0.0       0.0  0.000          0.000000
82   0.000000     0.000000   0.000000     0.000000        0.0       0.0  0.000          0.000000
83   0.000000     0.000000   0.000000     0.000000        0.0       0.0  0.000          0.000000
84   0.000000     0.000000   0.000000     0.000000        0.0       0.0  0.000          0.000000
85   0.000000     0.000000   0.000000     0.000000        0.0       0.0  0.000          0.000000
86   0.000000     0.000000   0.000000     0.000000        0.0       0.0  0.000          0.000000
87   0.000000     0.000000   0.000000     0.000000        0.0       0.0  0.000          0.000000
88   0.000000     0.000000   0.000000     0.000000        0.0       0.0  0.000          0.000000
89   0.000000     0.000000   0.000000     0.000000        0.0       0.0  0.000          0.000000
90   0.000000     0.000000   0.000000     0.000000        0.0       0.0  0.000          0.000000
91   0.000000     0.000000   0.000000     0.000000        0.0       0.0  0.000          0.000000
92   0.000000     0.000000   0.000000     0.000000        0.0       0.0  0.000          0.000000
93   0.000000     0.000000   0.000000     0.000000        0.0       0.0  0.000          0.000000
94   0.000000     0.000000   0.000000     0.000000        0.0       0.0  0.000          0.000000
95   0.000000     0.000000   0.000000     0.000000        0.0       0.0  0.000          0.000000
96   0.000000     0.000000   0.000000     0.000000        0.0       0.0  0.000          0.000000
97   0.000000     0.000000   0.000000     0.000000        0.0       0.0  0.000          0.000000
98   0.000000     0.000000   0.000000     0.000000        0.0       0.0  0.000          0.000000
99   0.000000     0.000000   0.000000     0.000000        0.0       0.0  0.000          0.000000
100  6.772421    56.021430  10.155739     0.019768    16384.0       0.1  0.010          0.992950
101  2.573257     7.913282   1.291631     0.001388    16384.0       0.1  0.010          0.992859
102  2.508269     7.428979   1.137567     0.001136    16384.0       0.1  0.010          0.992798
103  2.508599     7.427072   1.134003     0.001127    16384.0       0.1  0.010          0.992798
104  2.509076     7.429622   1.134157     0.001127    16384.0       0.1  0.010          0.992798
105  2.509182     7.430212   1.134216     0.001127    16384.0       0.1  0.010          0.992798
106  2.509203     7.430328   1.134228     0.001127    16384.0       0.1  0.010          0.992798
107  2.509207     7.430350   1.134231     0.001127    16384.0       0.1  0.010          0.992798
108  2.509208     7.430354   1.134231     0.001127    16384.0       0.1  0.010          0.992798
109  2.509208     7.430355   1.134231     0.001127    16384.0       0.1  0.010          0.992798
110  2.509208     7.430355   1.134231     0.001127    16384.0       0.1  0.010          0.992798
111  2.509208     7.430355   1.134231     0.001127    16384.0       0.1  0.010          0.992798
112  0.000000     0.000000   0.000000     0.000000        0.0       0.0  0.000          0.000000
113  0.000000     0.000000   0.000000     0.000000        0.0       0.0  0.000          0.000000
114  0.000000     0.000000   0.000000     0.000000        0.0       0.0  0.000          0.000000
115  0.000000     0.000000   0.000000     0.000000        0.0       0.0  0.000          0.000000
116  0.000000     0.000000   0.000000     0.000000        0.0       0.0  0.000          0.000000
117  0.000000     0.000000   0.000000     0.000000        0.0       0.0  0.000          0.000000
118  0.000000     0.000000   0.000000     0.000000        0.0       0.0  0.000          0.000000
119  0.000000     0.000000   0.000000     0.000000        0.0       0.0  0.000          0.000000
120  0.000000     0.000000   0.000000     0.000000        0.0       0.0  0.000          0.000000
121  0.000000     0.000000   0.000000     0.000000        0.0       0.0  0.000          0.000000
122  0.000000     0.000000   0.000000     0.000000        0.0       0.0  0.000          0.000000
123  0.000000     0.000000   0.000000     0.000000        0.0       0.0  0.000          0.000000
124  0.000000     0.000000   0.000000     0.000000        0.0       0.0  0.000          0.000000
125  0.000000     0.000000   0.000000     0.000000        0.0       0.0  0.000          0.000000
126  0.000000     0.000000   0.000000     0.000000        0.0       0.0  0.000          0.000000
127  0.000000     0.000000   0.000000     0.000000        0.0       0.0  0.000          0.000000
128  0.000000     0.000000   0.000000     0.000000        0.0       0.0  0.000          0.000000
129  0.000000     0.000000   0.000000     0.000000        0.0       0.0  0.000          0.000000
130  0.000000     0.000000   0.000000     0.000000        0.0       0.0  0.000          0.000000
131  0.000000     0.000000   0.000000     0.000000        0.0       0.0  0.000          0.000000
132  0.000000     0.000000   0.000000     0.000000        0.0       0.0  0.000          0.000000
133  0.000000     0.000000   0.000000     0.000000        0.0       0.0  0.000          0.000000
134  0.000000     0.000000   0.000000     0.000000        0.0       0.0  0.000          0.000000
135  0.000000     0.000000   0.000000     0.000000        0.0       0.0  0.000          0.000000
136  0.000000     0.000000   0.000000     0.000000        0.0       0.0  0.000          0.000000
137  0.000000     0.000000   0.000000     0.000000        0.0       0.0  0.000          0.000000
138  0.000000     0.000000   0.000000     0.000000        0.0       0.0  0.000          0.000000
139  0.000000     0.000000   0.000000     0.000000        0.0       0.0  0.000          0.000000
140  0.000000     0.000000   0.000000     0.000000        0.0       0.0  0.000          0.000000
141  0.000000     0.000000   0.000000     0.000000        0.0       0.0  0.000          0.000000
142  0.000000     0.000000   0.000000     0.000000        0.0       0.0  0.000          0.000000
143  0.000000     0.000000   0.000000     0.000000        0.0       0.0  0.000          0.000000
144  0.000000     0.000000   0.000000     0.000000        0.0       0.0  0.000          0.000000
145  0.000000     0.000000   0.000000     0.000000        0.0       0.0  0.000          0.000000
146  0.000000     0.000000   0.000000     0.000000        0.0       0.0  0.000          0.000000
147  0.000000     0.000000   0.000000     0.000000        0.0       0.0  0.000          0.000000
148  0.000000     0.000000   0.000000     0.000000        0.0       0.0  0.000          0.000000
149  0.000000     0.000000   0.000000     0.000000        0.0       0.0  0.000          0.000000
150  6.772421    56.021430  10.155739     0.019768    16384.0       0.1  0.050          0.992950
151  2.534711     7.629277   1.204519     0.001236    16384.0       0.1  0.050          0.992859
152  2.507543     7.420991   1.133217     0.001124    16384.0       0.1  0.050          0.992798
153  2.508365     7.424518   1.132625     0.001123    16384.0       0.1  0.050          0.992798
154  2.508599     7.425835   1.132767     0.001123    16384.0       0.1  0.050          0.992798
155  2.508637     7.426055   1.132795     0.001123    16384.0       0.1  0.050          0.992798
156  2.508643     7.426089   1.132800     0.001123    16384.0       0.1  0.050          0.992798
157  2.508644     7.426094   1.132800     0.001123    16384.0       0.1  0.050          0.992798
158  2.508644     7.426095   1.132800     0.001123    16384.0       0.1  0.050          0.992798
159  2.508644     7.426095   1.132800     0.001123    16384.0       0.1  0.050          0.992798
160  2.508644     7.426095   1.132800     0.001123    16384.0       0.1  0.050          0.992798
161  0.000000     0.000000   0.000000     0.000000        0.0       0.0  0.000          0.000000
162  0.000000     0.000000   0.000000     0.000000        0.0       0.0  0.000          0.000000
163  0.000000     0.000000   0.000000     0.000000        0.0       0.0  0.000          0.000000
164  0.000000     0.000000   0.000000     0.000000        0.0       0.0  0.000          0.000000
165  0.000000     0.000000   0.000000     0.000000        0.0       0.0  0.000          0.000000
166  0.000000     0.000000   0.000000     0.000000        0.0       0.0  0.000          0.000000
167  0.000000     0.000000   0.000000     0.000000        0.0       0.0  0.000          0.000000
168  0.000000     0.000000   0.000000     0.000000        0.0       0.0  0.000          0.000000
169  0.000000     0.000000   0.000000     0.000000        0.0       0.0  0.000          0.000000
170  0.000000     0.000000   0.000000     0.000000        0.0       0.0  0.000          0.000000
171  0.000000     0.000000   0.000000     0.000000        0.0       0.0  0.000          0.000000
172  0.000000     0.000000   0.000000     0.000000        0.0       0.0  0.000          0.000000
173  0.000000     0.000000   0.000000     0.000000        0.0       0.0  0.000          0.000000
174  0.000000     0.000000   0.000000     0.000000        0.0       0.0  0.000          0.000000
175  0.000000     0.000000   0.000000     0.000000        0.0       0.0  0.000          0.000000
176  0.000000     0.000000   0.000000     0.000000        0.0       0.0  0.000          0.000000
177  0.000000     0.000000   0.000000     0.000000        0.0       0.0  0.000          0.000000
178  0.000000     0.000000   0.000000     0.000000        0.0       0.0  0.000          0.000000
179  0.000000     0.000000   0.000000     0.000000        0.0       0.0  0.000          0.000000
180  0.000000     0.000000   0.000000     0.000000        0.0       0.0  0.000          0.000000
181  0.000000     0.000000   0.000000     0.000000        0.0       0.0  0.000          0.000000
182  0.000000     0.000000   0.000000     0.000000        0.0       0.0  0.000          0.000000
183  0.000000     0.000000   0.000000     0.000000        0.0       0.0  0.000          0.000000
184  0.000000     0.000000   0.000000     0.000000        0.0       0.0  0.000          0.000000
185  0.000000     0.000000   0.000000     0.000000        0.0       0.0  0.000          0.000000
186  0.000000     0.000000   0.000000     0.000000        0.0       0.0  0.000          0.000000
187  0.000000     0.000000   0.000000     0.000000        0.0       0.0  0.000          0.000000
188  0.000000     0.000000   0.000000     0.000000        0.0       0.0  0.000          0.000000
189  0.000000     0.000000   0.000000     0.000000        0.0       0.0  0.000          0.000000
190  0.000000     0.000000   0.000000     0.000000        0.0       0.0  0.000          0.000000
191  0.000000     0.000000   0.000000     0.000000        0.0       0.0  0.000          0.000000
192  0.000000     0.000000   0.000000     0.000000        0.0       0.0  0.000          0.000000
193  0.000000     0.000000   0.000000     0.000000        0.0       0.0  0.000          0.000000
194  0.000000     0.000000   0.000000     0.000000        0.0       0.0  0.000          0.000000
195  0.000000     0.000000   0.000000     0.000000        0.0       0.0  0.000          0.000000
196  0.000000     0.000000   0.000000     0.000000        0.0       0.0  0.000          0.000000
197  0.000000     0.000000   0.000000     0.000000        0.0       0.0  0.000          0.000000
198  0.000000     0.000000   0.000000     0.000000        0.0       0.0  0.000          0.000000
199  0.000000     0.000000   0.000000     0.000000        0.0       0.0  0.000          0.000000
200  6.772421    56.021430  10.155739     0.019768    16384.0       0.1  0.100          0.992950
201  2.512749     7.461718   1.147813     0.001129    16384.0       0.1  0.100          0.992798
202  2.507741     7.419855   1.131092     0.001117    16384.0       0.1  0.100          0.992798
203  2.507996     7.421237   1.131194     0.001118    16384.0       0.1  0.100          0.992798
204  2.508041     7.421524   1.131254     0.001118    16384.0       0.1  0.100          0.992798
205  2.508046     7.421559   1.131262     0.001118    16384.0       0.1  0.100          0.992798
206  2.508047     7.421563   1.131263     0.001118    16384.0       0.1  0.100          0.992798
207  2.508047     7.421564   1.131263     0.001118    16384.0       0.1  0.100          0.992798
208  2.508047     7.421564   1.131263     0.001118    16384.0       0.1  0.100          0.992798
209  0.000000     0.000000   0.000000     0.000000        0.0       0.0  0.000          0.000000
210  0.000000     0.000000   0.000000     0.000000        0.0       0.0  0.000          0.000000
211  0.000000     0.000000   0.000000     0.000000        0.0       0.0  0.000          0.000000
212  0.000000     0.000000   0.000000     0.000000        0.0       0.0  0.000          0.000000
213  0.000000     0.000000   0.000000     0.000000        0.0       0.0  0.000          0.000000
214  0.000000     0.000000   0.000000     0.000000        0.0       0.0  0.000          0.000000
215  0.000000     0.000000   0.000000     0.000000        0.0       0.0  0.000          0.000000
216  0.000000     0.000000   0.000000     0.000000        0.0       0.0  0.000          0.000000
217  0.000000     0.000000   0.000000     0.000000        0.0       0.0  0.000          0.000000
218  0.000000     0.000000   0.000000     0.000000        0.0       0.0  0.000          0.000000
219  0.000000     0.000000   0.000000     0.000000        0.0       0.0  0.000          0.000000
220  0.000000     0.000000   0.000000     0.000000        0.0       0.0  0.000          0.000000
221  0.000000     0.000000   0.000000     0.000000        0.0       0.0  0.000          0.000000
222  0.000000     0.000000   0.000000     0.000000        0.0       0.0  0.000          0.000000
223  0.000000     0.000000   0.000000     0.000000        0.0       0.0  0.000          0.000000
224  0.000000     0.000000   0.000000     0.000000        0.0       0.0  0.000          0.000000
225  0.000000     0.000000   0.000000     0.000000        0.0       0.0  0.000          0.000000
226  0.000000     0.000000   0.000000     0.000000        0.0       0.0  0.000          0.000000
227  0.000000     0.000000   0.000000     0.000000        0.0       0.0  0.000          0.000000
228  0.000000     0.000000   0.000000     0.000000        0.0       0.0  0.000          0.000000
229  0.000000     0.000000   0.000000     0.000000        0.0       0.0  0.000          0.000000
230  0.000000     0.000000   0.000000     0.000000        0.0       0.0  0.000          0.000000
231  0.000000     0.000000   0.000000     0.000000        0.0       0.0  0.000          0.000000
232  0.000000     0.000000   0.000000     0.000000        0.0       0.0  0.000          0.000000
233  0.000000     0.000000   0.000000     0.000000        0.0       0.0  0.000          0.000000
234  0.000000     0.000000   0.000000     0.000000        0.0       0.0  0.000          0.000000
235  0.000000     0.000000   0.000000     0.000000        0.0       0.0  0.000          0.000000
236  0.000000     0.000000   0.000000     0.000000        0.0       0.0  0.000          0.000000
237  0.000000     0.000000   0.000000     0.000000        0.0       0.0  0.000          0.000000
238  0.000000     0.000000   0.000000     0.000000        0.0       0.0  0.000          0.000000
239  0.000000     0.000000   0.000000     0.000000        0.0       0.0  0.000          0.000000
240  0.000000     0.000000   0.000000     0.000000        0.0       0.0  0.000          0.000000
241  0.000000     0.000000   0.000000     0.000000        0.0       0.0  0.000          0.000000
242  0.000000     0.000000   0.000000     0.000000        0.0       0.0  0.000          0.000000
243  0.000000     0.000000   0.000000     0.000000        0.0       0.0  0.000          0.000000
244  0.000000     0.000000   0.000000     0.000000        0.0       0.0  0.000          0.000000
245  0.000000     0.000000   0.000000     0.000000        0.0       0.0  0.000          0.000000
246  0.000000     0.000000   0.000000     0.000000        0.0       0.0  0.000          0.000000
247  0.000000     0.000000   0.000000     0.000000        0.0       0.0  0.000          0.000000
248  0.000000     0.000000   0.000000     0.000000        0.0       0.0  0.000          0.000000
249  0.000000     0.000000   0.000000     0.000000        0.0       0.0  0.000          0.000000
250  6.855537    57.251891  10.253502     0.010257    32768.0       0.1  0.001          0.993576
251  2.569732     7.874428   1.270908     0.000768    32768.0       0.1  0.001          0.993591
252  2.479666     7.223233   1.074492     0.000530    32768.0       0.1  0.001          0.993561
253  2.477077     7.202575   1.066667     0.000526    32768.0       0.1  0.001          0.993546
254  2.477102     7.202226   1.066194     0.000526    32768.0       0.1  0.001          0.993546
255  2.477128     7.202304   1.066142     0.000526    32768.0       0.1  0.001          0.993546
256  2.477134     7.202325   1.066133     0.000526    32768.0       0.1  0.001          0.993546
257  2.477135     7.202329   1.066132     0.000526    32768.0       0.1  0.001          0.993546
258  2.477135     7.202330   1.066131     0.000526    32768.0       0.1  0.001          0.993546
259  2.477135     7.202331   1.066131     0.000526    32768.0       0.1  0.001          0.993546
260  2.477135     7.202331   1.066131     0.000526    32768.0       0.1  0.001          0.993546
261  0.000000     0.000000   0.000000     0.000000        0.0       0.0  0.000          0.000000
262  0.000000     0.000000   0.000000     0.000000        0.0       0.0  0.000          0.000000
263  0.000000     0.000000   0.000000     0.000000        0.0       0.0  0.000          0.000000
264  0.000000     0.000000   0.000000     0.000000        0.0       0.0  0.000          0.000000
265  0.000000     0.000000   0.000000     0.000000        0.0       0.0  0.000          0.000000
266  0.000000     0.000000   0.000000     0.000000        0.0       0.0  0.000          0.000000
267  0.000000     0.000000   0.000000     0.000000        0.0       0.0  0.000          0.000000
268  0.000000     0.000000   0.000000     0.000000        0.0       0.0  0.000          0.000000
269  0.000000     0.000000   0.000000     0.000000        0.0       0.0  0.000          0.000000
270  0.000000     0.000000   0.000000     0.000000        0.0       0.0  0.000          0.000000
271  0.000000     0.000000   0.000000     0.000000        0.0       0.0  0.000          0.000000
272  0.000000     0.000000   0.000000     0.000000        0.0       0.0  0.000          0.000000
273  0.000000     0.000000   0.000000     0.000000        0.0       0.0  0.000          0.000000
274  0.000000     0.000000   0.000000     0.000000        0.0       0.0  0.000          0.000000
275  0.000000     0.000000   0.000000     0.000000        0.0       0.0  0.000          0.000000
276  0.000000     0.000000   0.000000     0.000000        0.0       0.0  0.000          0.000000
277  0.000000     0.000000   0.000000     0.000000        0.0       0.0  0.000          0.000000
278  0.000000     0.000000   0.000000     0.000000        0.0       0.0  0.000          0.000000
279  0.000000     0.000000   0.000000     0.000000        0.0       0.0  0.000          0.000000
280  0.000000     0.000000   0.000000     0.000000        0.0       0.0  0.000          0.000000
281  0.000000     0.000000   0.000000     0.000000        0.0       0.0  0.000          0.000000
282  0.000000     0.000000   0.000000     0.000000        0.0       0.0  0.000          0.000000
283  0.000000     0.000000   0.000000     0.000000        0.0       0.0  0.000          0.000000
284  0.000000     0.000000   0.000000     0.000000        0.0       0.0  0.000          0.000000
285  0.000000     0.000000   0.000000     0.000000        0.0       0.0  0.000          0.000000
286  0.000000     0.000000   0.000000     0.000000        0.0       0.0  0.000          0.000000
287  0.000000     0.000000   0.000000     0.000000        0.0       0.0  0.000          0.000000
288  0.000000     0.000000   0.000000     0.000000        0.0       0.0  0.000          0.000000
289  0.000000     0.000000   0.000000     0.000000        0.0       0.0  0.000          0.000000
290  0.000000     0.000000   0.000000     0.000000        0.0       0.0  0.000          0.000000
291  0.000000     0.000000   0.000000     0.000000        0.0       0.0  0.000          0.000000
292  0.000000     0.000000   0.000000     0.000000        0.0       0.0  0.000          0.000000
293  0.000000     0.000000   0.000000     0.000000        0.0       0.0  0.000          0.000000
294  0.000000     0.000000   0.000000     0.000000        0.0       0.0  0.000          0.000000
295  0.000000     0.000000   0.000000     0.000000        0.0       0.0  0.000          0.000000
296  0.000000     0.000000   0.000000     0.000000        0.0       0.0  0.000          0.000000
297  0.000000     0.000000   0.000000     0.000000        0.0       0.0  0.000          0.000000
298  0.000000     0.000000   0.000000     0.000000        0.0       0.0  0.000          0.000000
299  0.000000     0.000000   0.000000     0.000000        0.0       0.0  0.000          0.000000
300  6.855537    57.251891  10.253502     0.010257    32768.0       0.1  0.005          0.993576
301  2.564109     7.833778   1.259124     0.000757    32768.0       0.1  0.005          0.993591
302  2.479370     7.221010   1.073736     0.000529    32768.0       0.1  0.005          0.993561
303  2.477071     7.202477   1.066599     0.000526    32768.0       0.1  0.005          0.993546
304  2.477103     7.202217   1.066176     0.000526    32768.0       0.1  0.005          0.993546
305  2.477128     7.202293   1.066130     0.000526    32768.0       0.1  0.005          0.993546
306  2.477134     7.202313   1.066122     0.000526    32768.0       0.1  0.005          0.993546
307  2.477135     7.202317   1.066121     0.000526    32768.0       0.1  0.005          0.993546
308  2.477135     7.202318   1.066121     0.000526    32768.0       0.1  0.005          0.993546
309  2.477135     7.202318   1.066120     0.000526    32768.0       0.1  0.005          0.993546
310  2.477135     7.202318   1.066120     0.000526    32768.0       0.1  0.005          0.993546
311  0.000000     0.000000   0.000000     0.000000        0.0       0.0  0.000          0.000000
312  0.000000     0.000000   0.000000     0.000000        0.0       0.0  0.000          0.000000
313  0.000000     0.000000   0.000000     0.000000        0.0       0.0  0.000          0.000000
314  0.000000     0.000000   0.000000     0.000000        0.0       0.0  0.000          0.000000
315  0.000000     0.000000   0.000000     0.000000        0.0       0.0  0.000          0.000000
316  0.000000     0.000000   0.000000     0.000000        0.0       0.0  0.000          0.000000
317  0.000000     0.000000   0.000000     0.000000        0.0       0.0  0.000          0.000000
318  0.000000     0.000000   0.000000     0.000000        0.0       0.0  0.000          0.000000
319  0.000000     0.000000   0.000000     0.000000        0.0       0.0  0.000          0.000000
320  0.000000     0.000000   0.000000     0.000000        0.0       0.0  0.000          0.000000
321  0.000000     0.000000   0.000000     0.000000        0.0       0.0  0.000          0.000000
322  0.000000     0.000000   0.000000     0.000000        0.0       0.0  0.000          0.000000
323  0.000000     0.000000   0.000000     0.000000        0.0       0.0  0.000          0.000000
324  0.000000     0.000000   0.000000     0.000000        0.0       0.0  0.000          0.000000
325  0.000000     0.000000   0.000000     0.000000        0.0       0.0  0.000          0.000000
326  0.000000     0.000000   0.000000     0.000000        0.0       0.0  0.000          0.000000
327  0.000000     0.000000   0.000000     0.000000        0.0       0.0  0.000          0.000000
328  0.000000     0.000000   0.000000     0.000000        0.0       0.0  0.000          0.000000
329  0.000000     0.000000   0.000000     0.000000        0.0       0.0  0.000          0.000000
330  0.000000     0.000000   0.000000     0.000000        0.0       0.0  0.000          0.000000
331  0.000000     0.000000   0.000000     0.000000        0.0       0.0  0.000          0.000000
332  0.000000     0.000000   0.000000     0.000000        0.0       0.0  0.000          0.000000
333  0.000000     0.000000   0.000000     0.000000        0.0       0.0  0.000          0.000000
334  0.000000     0.000000   0.000000     0.000000        0.0       0.0  0.000          0.000000
335  0.000000     0.000000   0.000000     0.000000        0.0       0.0  0.000          0.000000
336  0.000000     0.000000   0.000000     0.000000        0.0       0.0  0.000          0.000000
337  0.000000     0.000000   0.000000     0.000000        0.0       0.0  0.000          0.000000
338  0.000000     0.000000   0.000000     0.000000        0.0       0.0  0.000          0.000000
339  0.000000     0.000000   0.000000     0.000000        0.0       0.0  0.000          0.000000
340  0.000000     0.000000   0.000000     0.000000        0.0       0.0  0.000          0.000000
341  0.000000     0.000000   0.000000     0.000000        0.0       0.0  0.000          0.000000
342  0.000000     0.000000   0.000000     0.000000        0.0       0.0  0.000          0.000000
343  0.000000     0.000000   0.000000     0.000000        0.0       0.0  0.000          0.000000
344  0.000000     0.000000   0.000000     0.000000        0.0       0.0  0.000          0.000000
345  0.000000     0.000000   0.000000     0.000000        0.0       0.0  0.000          0.000000
346  0.000000     0.000000   0.000000     0.000000        0.0       0.0  0.000          0.000000
347  0.000000     0.000000   0.000000     0.000000        0.0       0.0  0.000          0.000000
348  0.000000     0.000000   0.000000     0.000000        0.0       0.0  0.000          0.000000
349  0.000000     0.000000   0.000000     0.000000        0.0       0.0  0.000          0.000000
350  6.855537    57.251891  10.253502     0.010257    32768.0       0.1  0.010          0.993576
351  2.557351     7.784983   1.244937     0.000744    32768.0       0.1  0.010          0.993591
352  2.479036     7.218489   1.072869     0.000529    32768.0       0.1  0.010          0.993561
353  2.477065     7.202374   1.066522     0.000526    32768.0       0.1  0.010          0.993546
354  2.477106     7.202207   1.066154     0.000526    32768.0       0.1  0.010          0.993546
355  2.477128     7.202280   1.066115     0.000526    32768.0       0.1  0.010          0.993546
356  2.477133     7.202298   1.066108     0.000526    32768.0       0.1  0.010          0.993546
357  2.477134     7.202301   1.066107     0.000526    32768.0       0.1  0.010          0.993546
358  2.477134     7.202302   1.066107     0.000526    32768.0       0.1  0.010          0.993546
359  2.477134     7.202302   1.066107     0.000526    32768.0       0.1  0.010          0.993546
360  2.477134     7.202302   1.066107     0.000526    32768.0       0.1  0.010          0.993546
361  0.000000     0.000000   0.000000     0.000000        0.0       0.0  0.000          0.000000
362  0.000000     0.000000   0.000000     0.000000        0.0       0.0  0.000          0.000000
363  0.000000     0.000000   0.000000     0.000000        0.0       0.0  0.000          0.000000
364  0.000000     0.000000   0.000000     0.000000        0.0       0.0  0.000          0.000000
365  0.000000     0.000000   0.000000     0.000000        0.0       0.0  0.000          0.000000
366  0.000000     0.000000   0.000000     0.000000        0.0       0.0  0.000          0.000000
367  0.000000     0.000000   0.000000     0.000000        0.0       0.0  0.000          0.000000
368  0.000000     0.000000   0.000000     0.000000        0.0       0.0  0.000          0.000000
369  0.000000     0.000000   0.000000     0.000000        0.0       0.0  0.000          0.000000
370  0.000000     0.000000   0.000000     0.000000        0.0       0.0  0.000          0.000000
371  0.000000     0.000000   0.000000     0.000000        0.0       0.0  0.000          0.000000
372  0.000000     0.000000   0.000000     0.000000        0.0       0.0  0.000          0.000000
373  0.000000     0.000000   0.000000     0.000000        0.0       0.0  0.000          0.000000
374  0.000000     0.000000   0.000000     0.000000        0.0       0.0  0.000          0.000000
375  0.000000     0.000000   0.000000     0.000000        0.0       0.0  0.000          0.000000
376  0.000000     0.000000   0.000000     0.000000        0.0       0.0  0.000          0.000000
377  0.000000     0.000000   0.000000     0.000000        0.0       0.0  0.000          0.000000
378  0.000000     0.000000   0.000000     0.000000        0.0       0.0  0.000          0.000000
379  0.000000     0.000000   0.000000     0.000000        0.0       0.0  0.000          0.000000
380  0.000000     0.000000   0.000000     0.000000        0.0       0.0  0.000          0.000000
381  0.000000     0.000000   0.000000     0.000000        0.0       0.0  0.000          0.000000
382  0.000000     0.000000   0.000000     0.000000        0.0       0.0  0.000          0.000000
383  0.000000     0.000000   0.000000     0.000000        0.0       0.0  0.000          0.000000
384  0.000000     0.000000   0.000000     0.000000        0.0       0.0  0.000          0.000000
385  0.000000     0.000000   0.000000     0.000000        0.0       0.0  0.000          0.000000
386  0.000000     0.000000   0.000000     0.000000        0.0       0.0  0.000          0.000000
387  0.000000     0.000000   0.000000     0.000000        0.0       0.0  0.000          0.000000
388  0.000000     0.000000   0.000000     0.000000        0.0       0.0  0.000          0.000000
389  0.000000     0.000000   0.000000     0.000000        0.0       0.0  0.000          0.000000
390  0.000000     0.000000   0.000000     0.000000        0.0       0.0  0.000          0.000000
391  0.000000     0.000000   0.000000     0.000000        0.0       0.0  0.000          0.000000
392  0.000000     0.000000   0.000000     0.000000        0.0       0.0  0.000          0.000000
393  0.000000     0.000000   0.000000     0.000000        0.0       0.0  0.000          0.000000
394  0.000000     0.000000   0.000000     0.000000        0.0       0.0  0.000          0.000000
395  0.000000     0.000000   0.000000     0.000000        0.0       0.0  0.000          0.000000
396  0.000000     0.000000   0.000000     0.000000        0.0       0.0  0.000          0.000000
397  0.000000     0.000000   0.000000     0.000000        0.0       0.0  0.000          0.000000
398  0.000000     0.000000   0.000000     0.000000        0.0       0.0  0.000          0.000000
399  0.000000     0.000000   0.000000     0.000000        0.0       0.0  0.000          0.000000
400  6.855537    57.251891  10.253502     0.010257    32768.0       0.1  0.050          0.993576
401  2.514079     7.473615   1.153020     0.000661    32768.0       0.1  0.050          0.993591
402  2.477510     7.206459   1.068402     0.000526    32768.0       0.1  0.050          0.993561
403  2.477077     7.202042   1.066129     0.000525    32768.0       0.1  0.050          0.993546
404  2.477121     7.202148   1.066019     0.000526    32768.0       0.1  0.050          0.993546
405  2.477131     7.202185   1.066009     0.000526    32768.0       0.1  0.050          0.993546
406  2.477132     7.202192   1.066008     0.000526    32768.0       0.1  0.050          0.993546
407  2.477132     7.202193   1.066008     0.000526    32768.0       0.1  0.050          0.993546
408  2.477132     7.202193   1.066008     0.000526    32768.0       0.1  0.050          0.993546
409  2.477132     7.202193   1.066008     0.000526    32768.0       0.1  0.050          0.993546
410  0.000000     0.000000   0.000000     0.000000        0.0       0.0  0.000          0.000000
411  0.000000     0.000000   0.000000     0.000000        0.0       0.0  0.000          0.000000
412  0.000000     0.000000   0.000000     0.000000        0.0       0.0  0.000          0.000000
413  0.000000     0.000000   0.000000     0.000000        0.0       0.0  0.000          0.000000
414  0.000000     0.000000   0.000000     0.000000        0.0       0.0  0.000          0.000000
415  0.000000     0.000000   0.000000     0.000000        0.0       0.0  0.000          0.000000
416  0.000000     0.000000   0.000000     0.000000        0.0       0.0  0.000          0.000000
417  0.000000     0.000000   0.000000     0.000000        0.0       0.0  0.000          0.000000
418  0.000000     0.000000   0.000000     0.000000        0.0       0.0  0.000          0.000000
419  0.000000     0.000000   0.000000     0.000000        0.0       0.0  0.000          0.000000
420  0.000000     0.000000   0.000000     0.000000        0.0       0.0  0.000          0.000000
421  0.000000     0.000000   0.000000     0.000000        0.0       0.0  0.000          0.000000
422  0.000000     0.000000   0.000000     0.000000        0.0       0.0  0.000          0.000000
423  0.000000     0.000000   0.000000     0.000000        0.0       0.0  0.000          0.000000
424  0.000000     0.000000   0.000000     0.000000        0.0       0.0  0.000          0.000000
425  0.000000     0.000000   0.000000     0.000000        0.0       0.0  0.000          0.000000
426  0.000000     0.000000   0.000000     0.000000        0.0       0.0  0.000          0.000000
427  0.000000     0.000000   0.000000     0.000000        0.0       0.0  0.000          0.000000
428  0.000000     0.000000   0.000000     0.000000        0.0       0.0  0.000          0.000000
429  0.000000     0.000000   0.000000     0.000000        0.0       0.0  0.000          0.000000
430  0.000000     0.000000   0.000000     0.000000        0.0       0.0  0.000          0.000000
431  0.000000     0.000000   0.000000     0.000000        0.0       0.0  0.000          0.000000
432  0.000000     0.000000   0.000000     0.000000        0.0       0.0  0.000          0.000000
433  0.000000     0.000000   0.000000     0.000000        0.0       0.0  0.000          0.000000
434  0.000000     0.000000   0.000000     0.000000        0.0       0.0  0.000          0.000000
435  0.000000     0.000000   0.000000     0.000000        0.0       0.0  0.000          0.000000
436  0.000000     0.000000   0.000000     0.000000        0.0       0.0  0.000          0.000000
437  0.000000     0.000000   0.000000     0.000000        0.0       0.0  0.000          0.000000
438  0.000000     0.000000   0.000000     0.000000        0.0       0.0  0.000          0.000000
439  0.000000     0.000000   0.000000     0.000000        0.0       0.0  0.000          0.000000
440  0.000000     0.000000   0.000000     0.000000        0.0       0.0  0.000          0.000000
441  0.000000     0.000000   0.000000     0.000000        0.0       0.0  0.000          0.000000
442  0.000000     0.000000   0.000000     0.000000        0.0       0.0  0.000          0.000000
443  0.000000     0.000000   0.000000     0.000000        0.0       0.0  0.000          0.000000
444  0.000000     0.000000   0.000000     0.000000        0.0       0.0  0.000          0.000000
445  0.000000     0.000000   0.000000     0.000000        0.0       0.0  0.000          0.000000
446  0.000000     0.000000   0.000000     0.000000        0.0       0.0  0.000          0.000000
447  0.000000     0.000000   0.000000     0.000000        0.0       0.0  0.000          0.000000
448  0.000000     0.000000   0.000000     0.000000        0.0       0.0  0.000          0.000000
449  0.000000     0.000000   0.000000     0.000000        0.0       0.0  0.000          0.000000
450  6.855537    57.251891  10.253502     0.010257    32768.0       0.1  0.100          0.993576
451  2.486706     7.275321   1.091613     0.000538    32768.0       0.1  0.100          0.993561
452  2.477231     7.203273   1.066597     0.000525    32768.0       0.1  0.100          0.993561
453  2.477124     7.202069   1.065925     0.000525    32768.0       0.1  0.100          0.993546
454  2.477131     7.202082   1.065903     0.000525    32768.0       0.1  0.100          0.993546
455  2.477133     7.202089   1.065903     0.000525    32768.0       0.1  0.100          0.993546
456  2.477133     7.202090   1.065903     0.000525    32768.0       0.1  0.100          0.993546
457  2.477133     7.202090   1.065903     0.000525    32768.0       0.1  0.100          0.993546
458  2.477133     7.202090   1.065903     0.000525    32768.0       0.1  0.100          0.993546
459  0.000000     0.000000   0.000000     0.000000        0.0       0.0  0.000          0.000000
460  0.000000     0.000000   0.000000     0.000000        0.0       0.0  0.000          0.000000
461  0.000000     0.000000   0.000000     0.000000        0.0       0.0  0.000          0.000000
462  0.000000     0.000000   0.000000     0.000000        0.0       0.0  0.000          0.000000
463  0.000000     0.000000   0.000000     0.000000        0.0       0.0  0.000          0.000000
464  0.000000     0.000000   0.000000     0.000000        0.0       0.0  0.000          0.000000
465  0.000000     0.000000   0.000000     0.000000        0.0       0.0  0.000          0.000000
466  0.000000     0.000000   0.000000     0.000000        0.0       0.0  0.000          0.000000
467  0.000000     0.000000   0.000000     0.000000        0.0       0.0  0.000          0.000000
468  0.000000     0.000000   0.000000     0.000000        0.0       0.0  0.000          0.000000
469  0.000000     0.000000   0.000000     0.000000        0.0       0.0  0.000          0.000000
470  0.000000     0.000000   0.000000     0.000000        0.0       0.0  0.000          0.000000
471  0.000000     0.000000   0.000000     0.000000        0.0       0.0  0.000          0.000000
472  0.000000     0.000000   0.000000     0.000000        0.0       0.0  0.000          0.000000
473  0.000000     0.000000   0.000000     0.000000        0.0       0.0  0.000          0.000000
474  0.000000     0.000000   0.000000     0.000000        0.0       0.0  0.000          0.000000
475  0.000000     0.000000   0.000000     0.000000        0.0       0.0  0.000          0.000000
476  0.000000     0.000000   0.000000     0.000000        0.0       0.0  0.000          0.000000
477  0.000000     0.000000   0.000000     0.000000        0.0       0.0  0.000          0.000000
478  0.000000     0.000000   0.000000     0.000000        0.0       0.0  0.000          0.000000
479  0.000000     0.000000   0.000000     0.000000        0.0       0.0  0.000          0.000000
480  0.000000     0.000000   0.000000     0.000000        0.0       0.0  0.000          0.000000
481  0.000000     0.000000   0.000000     0.000000        0.0       0.0  0.000          0.000000
482  0.000000     0.000000   0.000000     0.000000        0.0       0.0  0.000          0.000000
483  0.000000     0.000000   0.000000     0.000000        0.0       0.0  0.000          0.000000
484  0.000000     0.000000   0.000000     0.000000        0.0       0.0  0.000          0.000000
485  0.000000     0.000000   0.000000     0.000000        0.0       0.0  0.000          0.000000
486  0.000000     0.000000   0.000000     0.000000        0.0       0.0  0.000          0.000000
487  0.000000     0.000000   0.000000     0.000000        0.0       0.0  0.000          0.000000
488  0.000000     0.000000   0.000000     0.000000        0.0       0.0  0.000          0.000000
489  0.000000     0.000000   0.000000     0.000000        0.0       0.0  0.000          0.000000
490  0.000000     0.000000   0.000000     0.000000        0.0       0.0  0.000          0.000000
491  0.000000     0.000000   0.000000     0.000000        0.0       0.0  0.000          0.000000
492  0.000000     0.000000   0.000000     0.000000        0.0       0.0  0.000          0.000000
493  0.000000     0.000000   0.000000     0.000000        0.0       0.0  0.000          0.000000
494  0.000000     0.000000   0.000000     0.000000        0.0       0.0  0.000          0.000000
495  0.000000     0.000000   0.000000     0.000000        0.0       0.0  0.000          0.000000
496  0.000000     0.000000   0.000000     0.000000        0.0       0.0  0.000          0.000000
497  0.000000     0.000000   0.000000     0.000000        0.0       0.0  0.000          0.000000
498  0.000000     0.000000   0.000000     0.000000        0.0       0.0  0.000          0.000000
499  0.000000     0.000000   0.000000     0.000000        0.0       0.0  0.000          0.000000
500  6.824790    56.830815  10.253059     0.005938    65536.0       0.1  0.001          0.993492
501  2.578169     7.937673   1.290717     0.000389    65536.0       0.1  0.001          0.993477
502  2.491853     7.332488   1.123159     0.000319    65536.0       0.1  0.001          0.993439
503  2.490017     7.321524   1.121340     0.000321    65536.0       0.1  0.001          0.993431
504  2.490194     7.323149   1.122083     0.000322    65536.0       0.1  0.001          0.993431
505  2.490250     7.323622   1.122275     0.000322    65536.0       0.1  0.001          0.993431
506  2.490263     7.323722   1.122314     0.000322    65536.0       0.1  0.001          0.993431
507  2.490265     7.323742   1.122322     0.000322    65536.0       0.1  0.001          0.993431
508  2.490265     7.323746   1.122324     0.000322    65536.0       0.1  0.001          0.993431
509  2.490266     7.323747   1.122324     0.000322    65536.0       0.1  0.001          0.993431
510  2.490266     7.323747   1.122324     0.000322    65536.0       0.1  0.001          0.993431
511  2.490266     7.323747   1.122324     0.000322    65536.0       0.1  0.001          0.993431
512  0.000000     0.000000   0.000000     0.000000        0.0       0.0  0.000          0.000000
513  0.000000     0.000000   0.000000     0.000000        0.0       0.0  0.000          0.000000
514  0.000000     0.000000   0.000000     0.000000        0.0       0.0  0.000          0.000000
515  0.000000     0.000000   0.000000     0.000000        0.0       0.0  0.000          0.000000
516  0.000000     0.000000   0.000000     0.000000        0.0       0.0  0.000          0.000000
517  0.000000     0.000000   0.000000     0.000000        0.0       0.0  0.000          0.000000
518  0.000000     0.000000   0.000000     0.000000        0.0       0.0  0.000          0.000000
519  0.000000     0.000000   0.000000     0.000000        0.0       0.0  0.000          0.000000
520  0.000000     0.000000   0.000000     0.000000        0.0       0.0  0.000          0.000000
521  0.000000     0.000000   0.000000     0.000000        0.0       0.0  0.000          0.000000
522  0.000000     0.000000   0.000000     0.000000        0.0       0.0  0.000          0.000000
523  0.000000     0.000000   0.000000     0.000000        0.0       0.0  0.000          0.000000
524  0.000000     0.000000   0.000000     0.000000        0.0       0.0  0.000          0.000000
525  0.000000     0.000000   0.000000     0.000000        0.0       0.0  0.000          0.000000
526  0.000000     0.000000   0.000000     0.000000        0.0       0.0  0.000          0.000000
527  0.000000     0.000000   0.000000     0.000000        0.0       0.0  0.000          0.000000
528  0.000000     0.000000   0.000000     0.000000        0.0       0.0  0.000          0.000000
529  0.000000     0.000000   0.000000     0.000000        0.0       0.0  0.000          0.000000
530  0.000000     0.000000   0.000000     0.000000        0.0       0.0  0.000          0.000000
531  0.000000     0.000000   0.000000     0.000000        0.0       0.0  0.000          0.000000
532  0.000000     0.000000   0.000000     0.000000        0.0       0.0  0.000          0.000000
533  0.000000     0.000000   0.000000     0.000000        0.0       0.0  0.000          0.000000
534  0.000000     0.000000   0.000000     0.000000        0.0       0.0  0.000          0.000000
535  0.000000     0.000000   0.000000     0.000000        0.0       0.0  0.000          0.000000
536  0.000000     0.000000   0.000000     0.000000        0.0       0.0  0.000          0.000000
537  0.000000     0.000000   0.000000     0.000000        0.0       0.0  0.000          0.000000
538  0.000000     0.000000   0.000000     0.000000        0.0       0.0  0.000          0.000000
539  0.000000     0.000000   0.000000     0.000000        0.0       0.0  0.000          0.000000
540  0.000000     0.000000   0.000000     0.000000        0.0       0.0  0.000          0.000000
541  0.000000     0.000000   0.000000     0.000000        0.0       0.0  0.000          0.000000
542  0.000000     0.000000   0.000000     0.000000        0.0       0.0  0.000          0.000000
543  0.000000     0.000000   0.000000     0.000000        0.0       0.0  0.000          0.000000
544  0.000000     0.000000   0.000000     0.000000        0.0       0.0  0.000          0.000000
545  0.000000     0.000000   0.000000     0.000000        0.0       0.0  0.000          0.000000
546  0.000000     0.000000   0.000000     0.000000        0.0       0.0  0.000          0.000000
547  0.000000     0.000000   0.000000     0.000000        0.0       0.0  0.000          0.000000
548  0.000000     0.000000   0.000000     0.000000        0.0       0.0  0.000          0.000000
549  0.000000     0.000000   0.000000     0.000000        0.0       0.0  0.000          0.000000
550  6.824790    56.830815  10.253059     0.005938    65536.0       0.1  0.005          0.993492
551  2.572666     7.898450   1.279837     0.000383    65536.0       0.1  0.005          0.993477
552  2.491620     7.330971   1.122800     0.000319    65536.0       0.1  0.005          0.993439
553  2.490024     7.321586   1.121366     0.000321    65536.0       0.1  0.005          0.993431
554  2.490195     7.323143   1.122071     0.000322    65536.0       0.1  0.005          0.993431
555  2.490247     7.323574   1.122246     0.000322    65536.0       0.1  0.005          0.993431
556  2.490258     7.323663   1.122281     0.000322    65536.0       0.1  0.005          0.993431
557  2.490260     7.323681   1.122288     0.000322    65536.0       0.1  0.005          0.993431
558  2.490260     7.323684   1.122289     0.000322    65536.0       0.1  0.005          0.993431
559  2.490260     7.323685   1.122290     0.000322    65536.0       0.1  0.005          0.993431
560  2.490260     7.323685   1.122290     0.000322    65536.0       0.1  0.005          0.993431
561  2.490260     7.323685   1.122290     0.000322    65536.0       0.1  0.005          0.993431
562  0.000000     0.000000   0.000000     0.000000        0.0       0.0  0.000          0.000000
563  0.000000     0.000000   0.000000     0.000000        0.0       0.0  0.000          0.000000
564  0.000000     0.000000   0.000000     0.000000        0.0       0.0  0.000          0.000000
565  0.000000     0.000000   0.000000     0.000000        0.0       0.0  0.000          0.000000
566  0.000000     0.000000   0.000000     0.000000        0.0       0.0  0.000          0.000000
567  0.000000     0.000000   0.000000     0.000000        0.0       0.0  0.000          0.000000
568  0.000000     0.000000   0.000000     0.000000        0.0       0.0  0.000          0.000000
569  0.000000     0.000000   0.000000     0.000000        0.0       0.0  0.000          0.000000
570  0.000000     0.000000   0.000000     0.000000        0.0       0.0  0.000          0.000000
571  0.000000     0.000000   0.000000     0.000000        0.0       0.0  0.000          0.000000
572  0.000000     0.000000   0.000000     0.000000        0.0       0.0  0.000          0.000000
573  0.000000     0.000000   0.000000     0.000000        0.0       0.0  0.000          0.000000
574  0.000000     0.000000   0.000000     0.000000        0.0       0.0  0.000          0.000000
575  0.000000     0.000000   0.000000     0.000000        0.0       0.0  0.000          0.000000
576  0.000000     0.000000   0.000000     0.000000        0.0       0.0  0.000          0.000000
577  0.000000     0.000000   0.000000     0.000000        0.0       0.0  0.000          0.000000
578  0.000000     0.000000   0.000000     0.000000        0.0       0.0  0.000          0.000000
579  0.000000     0.000000   0.000000     0.000000        0.0       0.0  0.000          0.000000
580  0.000000     0.000000   0.000000     0.000000        0.0       0.0  0.000          0.000000
581  0.000000     0.000000   0.000000     0.000000        0.0       0.0  0.000          0.000000
582  0.000000     0.000000   0.000000     0.000000        0.0       0.0  0.000          0.000000
583  0.000000     0.000000   0.000000     0.000000        0.0       0.0  0.000          0.000000
584  0.000000     0.000000   0.000000     0.000000        0.0       0.0  0.000          0.000000
585  0.000000     0.000000   0.000000     0.000000        0.0       0.0  0.000          0.000000
586  0.000000     0.000000   0.000000     0.000000        0.0       0.0  0.000          0.000000
587  0.000000     0.000000   0.000000     0.000000        0.0       0.0  0.000          0.000000
588  0.000000     0.000000   0.000000     0.000000        0.0       0.0  0.000          0.000000
589  0.000000     0.000000   0.000000     0.000000        0.0       0.0  0.000          0.000000
590  0.000000     0.000000   0.000000     0.000000        0.0       0.0  0.000          0.000000
591  0.000000     0.000000   0.000000     0.000000        0.0       0.0  0.000          0.000000
592  0.000000     0.000000   0.000000     0.000000        0.0       0.0  0.000          0.000000
593  0.000000     0.000000   0.000000     0.000000        0.0       0.0  0.000          0.000000
594  0.000000     0.000000   0.000000     0.000000        0.0       0.0  0.000          0.000000
595  0.000000     0.000000   0.000000     0.000000        0.0       0.0  0.000          0.000000
596  0.000000     0.000000   0.000000     0.000000        0.0       0.0  0.000          0.000000
597  0.000000     0.000000   0.000000     0.000000        0.0       0.0  0.000          0.000000
598  0.000000     0.000000   0.000000     0.000000        0.0       0.0  0.000          0.000000
599  0.000000     0.000000   0.000000     0.000000        0.0       0.0  0.000          0.000000
600  6.824790    56.830815  10.253059     0.005938    65536.0       0.1  0.010          0.993492
601  2.566067     7.851511   1.266811     0.000377    65536.0       0.1  0.010          0.993477
602  2.491363     7.329301   1.122414     0.000319    65536.0       0.1  0.010          0.993439
603  2.490034     7.321667   1.121398     0.000321    65536.0       0.1  0.010          0.993431
604  2.490196     7.323131   1.122054     0.000322    65536.0       0.1  0.010          0.993431
605  2.490242     7.323515   1.122209     0.000322    65536.0       0.1  0.010          0.993431
606  2.490251     7.323592   1.122240     0.000322    65536.0       0.1  0.010          0.993431
607  2.490253     7.323606   1.122246     0.000322    65536.0       0.1  0.010          0.993431
608  2.490253     7.323609   1.122247     0.000322    65536.0       0.1  0.010          0.993431
609  2.490254     7.323610   1.122247     0.000322    65536.0       0.1  0.010          0.993431
610  2.490254     7.323610   1.122247     0.000322    65536.0       0.1  0.010          0.993431
611  2.490254     7.323610   1.122247     0.000322    65536.0       0.1  0.010          0.993431
612  0.000000     0.000000   0.000000     0.000000        0.0       0.0  0.000          0.000000
613  0.000000     0.000000   0.000000     0.000000        0.0       0.0  0.000          0.000000
614  0.000000     0.000000   0.000000     0.000000        0.0       0.0  0.000          0.000000
615  0.000000     0.000000   0.000000     0.000000        0.0       0.0  0.000          0.000000
616  0.000000     0.000000   0.000000     0.000000        0.0       0.0  0.000          0.000000
617  0.000000     0.000000   0.000000     0.000000        0.0       0.0  0.000          0.000000
618  0.000000     0.000000   0.000000     0.000000        0.0       0.0  0.000          0.000000
619  0.000000     0.000000   0.000000     0.000000        0.0       0.0  0.000          0.000000
620  0.000000     0.000000   0.000000     0.000000        0.0       0.0  0.000          0.000000
621  0.000000     0.000000   0.000000     0.000000        0.0       0.0  0.000          0.000000
622  0.000000     0.000000   0.000000     0.000000        0.0       0.0  0.000          0.000000
623  0.000000     0.000000   0.000000     0.000000        0.0       0.0  0.000          0.000000
624  0.000000     0.000000   0.000000     0.000000        0.0       0.0  0.000          0.000000
625  0.000000     0.000000   0.000000     0.000000        0.0       0.0  0.000          0.000000
626  0.000000     0.000000   0.000000     0.000000        0.0       0.0  0.000          0.000000
627  0.000000     0.000000   0.000000     0.000000        0.0       0.0  0.000          0.000000
628  0.000000     0.000000   0.000000     0.000000        0.0       0.0  0.000          0.000000
629  0.000000     0.000000   0.000000     0.000000        0.0       0.0  0.000          0.000000
630  0.000000     0.000000   0.000000     0.000000        0.0       0.0  0.000          0.000000
631  0.000000     0.000000   0.000000     0.000000        0.0       0.0  0.000          0.000000
632  0.000000     0.000000   0.000000     0.000000        0.0       0.0  0.000          0.000000
633  0.000000     0.000000   0.000000     0.000000        0.0       0.0  0.000          0.000000
634  0.000000     0.000000   0.000000     0.000000        0.0       0.0  0.000          0.000000
635  0.000000     0.000000   0.000000     0.000000        0.0       0.0  0.000          0.000000
636  0.000000     0.000000   0.000000     0.000000        0.0       0.0  0.000          0.000000
637  0.000000     0.000000   0.000000     0.000000        0.0       0.0  0.000          0.000000
638  0.000000     0.000000   0.000000     0.000000        0.0       0.0  0.000          0.000000
639  0.000000     0.000000   0.000000     0.000000        0.0       0.0  0.000          0.000000
640  0.000000     0.000000   0.000000     0.000000        0.0       0.0  0.000          0.000000
641  0.000000     0.000000   0.000000     0.000000        0.0       0.0  0.000          0.000000
642  0.000000     0.000000   0.000000     0.000000        0.0       0.0  0.000          0.000000
643  0.000000     0.000000   0.000000     0.000000        0.0       0.0  0.000          0.000000
644  0.000000     0.000000   0.000000     0.000000        0.0       0.0  0.000          0.000000
645  0.000000     0.000000   0.000000     0.000000        0.0       0.0  0.000          0.000000
646  0.000000     0.000000   0.000000     0.000000        0.0       0.0  0.000          0.000000
647  0.000000     0.000000   0.000000     0.000000        0.0       0.0  0.000          0.000000
648  0.000000     0.000000   0.000000     0.000000        0.0       0.0  0.000          0.000000
649  0.000000     0.000000   0.000000     0.000000        0.0       0.0  0.000          0.000000
650  6.824790    56.830815  10.253059     0.005938    65536.0       0.1  0.050          0.993492
651  2.524399     7.558148   1.185558     0.000340    65536.0       0.1  0.050          0.993484
652  2.490312     7.322827   1.121171     0.000319    65536.0       0.1  0.050          0.993439
653  2.490114     7.322254   1.121585     0.000321    65536.0       0.1  0.050          0.993431
654  2.490191     7.322923   1.121874     0.000321    65536.0       0.1  0.050          0.993431
655  2.490205     7.323045   1.121924     0.000321    65536.0       0.1  0.050          0.993431
656  2.490207     7.323064   1.121931     0.000321    65536.0       0.1  0.050          0.993431
657  2.490208     7.323067   1.121932     0.000321    65536.0       0.1  0.050          0.993431
658  2.490208     7.323067   1.121933     0.000321    65536.0       0.1  0.050          0.993431
659  2.490208     7.323067   1.121933     0.000321    65536.0       0.1  0.050          0.993431
660  0.000000     0.000000   0.000000     0.000000        0.0       0.0  0.000          0.000000
661  0.000000     0.000000   0.000000     0.000000        0.0       0.0  0.000          0.000000
662  0.000000     0.000000   0.000000     0.000000        0.0       0.0  0.000          0.000000
663  0.000000     0.000000   0.000000     0.000000        0.0       0.0  0.000          0.000000
664  0.000000     0.000000   0.000000     0.000000        0.0       0.0  0.000          0.000000
665  0.000000     0.000000   0.000000     0.000000        0.0       0.0  0.000          0.000000
666  0.000000     0.000000   0.000000     0.000000        0.0       0.0  0.000          0.000000
667  0.000000     0.000000   0.000000     0.000000        0.0       0.0  0.000          0.000000
668  0.000000     0.000000   0.000000     0.000000        0.0       0.0  0.000          0.000000
669  0.000000     0.000000   0.000000     0.000000        0.0       0.0  0.000          0.000000
670  0.000000     0.000000   0.000000     0.000000        0.0       0.0  0.000          0.000000
671  0.000000     0.000000   0.000000     0.000000        0.0       0.0  0.000          0.000000
672  0.000000     0.000000   0.000000     0.000000        0.0       0.0  0.000          0.000000
673  0.000000     0.000000   0.000000     0.000000        0.0       0.0  0.000          0.000000
674  0.000000     0.000000   0.000000     0.000000        0.0       0.0  0.000          0.000000
675  0.000000     0.000000   0.000000     0.000000        0.0       0.0  0.000          0.000000
676  0.000000     0.000000   0.000000     0.000000        0.0       0.0  0.000          0.000000
677  0.000000     0.000000   0.000000     0.000000        0.0       0.0  0.000          0.000000
678  0.000000     0.000000   0.000000     0.000000        0.0       0.0  0.000          0.000000
679  0.000000     0.000000   0.000000     0.000000        0.0       0.0  0.000          0.000000
680  0.000000     0.000000   0.000000     0.000000        0.0       0.0  0.000          0.000000
681  0.000000     0.000000   0.000000     0.000000        0.0       0.0  0.000          0.000000
682  0.000000     0.000000   0.000000     0.000000        0.0       0.0  0.000          0.000000
683  0.000000     0.000000   0.000000     0.000000        0.0       0.0  0.000          0.000000
684  0.000000     0.000000   0.000000     0.000000        0.0       0.0  0.000          0.000000
685  0.000000     0.000000   0.000000     0.000000        0.0       0.0  0.000          0.000000
686  0.000000     0.000000   0.000000     0.000000        0.0       0.0  0.000          0.000000
687  0.000000     0.000000   0.000000     0.000000        0.0       0.0  0.000          0.000000
688  0.000000     0.000000   0.000000     0.000000        0.0       0.0  0.000          0.000000
689  0.000000     0.000000   0.000000     0.000000        0.0       0.0  0.000          0.000000
690  0.000000     0.000000   0.000000     0.000000        0.0       0.0  0.000          0.000000
691  0.000000     0.000000   0.000000     0.000000        0.0       0.0  0.000          0.000000
692  0.000000     0.000000   0.000000     0.000000        0.0       0.0  0.000          0.000000
693  0.000000     0.000000   0.000000     0.000000        0.0       0.0  0.000          0.000000
694  0.000000     0.000000   0.000000     0.000000        0.0       0.0  0.000          0.000000
695  0.000000     0.000000   0.000000     0.000000        0.0       0.0  0.000          0.000000
696  0.000000     0.000000   0.000000     0.000000        0.0       0.0  0.000          0.000000
697  0.000000     0.000000   0.000000     0.000000        0.0       0.0  0.000          0.000000
698  0.000000     0.000000   0.000000     0.000000        0.0       0.0  0.000          0.000000
699  0.000000     0.000000   0.000000     0.000000        0.0       0.0  0.000          0.000000
700  6.824790    56.830815  10.253059     0.005938    65536.0       0.1  0.100          0.993492
701  2.499739     7.388722   1.140026     0.000322    65536.0       0.1  0.100          0.993469
702  2.490312     7.323467   1.121811     0.000321    65536.0       0.1  0.100          0.993439
703  2.490161     7.322477   1.121576     0.000321    65536.0       0.1  0.100          0.993431
704  2.490164     7.322511   1.121593     0.000321    65536.0       0.1  0.100          0.993431
705  2.490165     7.322519   1.121597     0.000321    65536.0       0.1  0.100          0.993431
706  2.490165     7.322520   1.121597     0.000321    65536.0       0.1  0.100          0.993431
707  2.490165     7.322520   1.121597     0.000321    65536.0       0.1  0.100          0.993431
708  2.490165     7.322520   1.121597     0.000321    65536.0       0.1  0.100          0.993431
709  0.000000     0.000000   0.000000     0.000000        0.0       0.0  0.000          0.000000
710  0.000000     0.000000   0.000000     0.000000        0.0       0.0  0.000          0.000000
711  0.000000     0.000000   0.000000     0.000000        0.0       0.0  0.000          0.000000
712  0.000000     0.000000   0.000000     0.000000        0.0       0.0  0.000          0.000000
713  0.000000     0.000000   0.000000     0.000000        0.0       0.0  0.000          0.000000
714  0.000000     0.000000   0.000000     0.000000        0.0       0.0  0.000          0.000000
715  0.000000     0.000000   0.000000     0.000000        0.0       0.0  0.000          0.000000
716  0.000000     0.000000   0.000000     0.000000        0.0       0.0  0.000          0.000000
717  0.000000     0.000000   0.000000     0.000000        0.0       0.0  0.000          0.000000
718  0.000000     0.000000   0.000000     0.000000        0.0       0.0  0.000          0.000000
719  0.000000     0.000000   0.000000     0.000000        0.0       0.0  0.000          0.000000
720  0.000000     0.000000   0.000000     0.000000        0.0       0.0  0.000          0.000000
721  0.000000     0.000000   0.000000     0.000000        0.0       0.0  0.000          0.000000
722  0.000000     0.000000   0.000000     0.000000        0.0       0.0  0.000          0.000000
723  0.000000     0.000000   0.000000     0.000000        0.0       0.0  0.000          0.000000
724  0.000000     0.000000   0.000000     0.000000        0.0       0.0  0.000          0.000000
725  0.000000     0.000000   0.000000     0.000000        0.0       0.0  0.000          0.000000
726  0.000000     0.000000   0.000000     0.000000        0.0       0.0  0.000          0.000000
727  0.000000     0.000000   0.000000     0.000000        0.0       0.0  0.000          0.000000
728  0.000000     0.000000   0.000000     0.000000        0.0       0.0  0.000          0.000000
729  0.000000     0.000000   0.000000     0.000000        0.0       0.0  0.000          0.000000
730  0.000000     0.000000   0.000000     0.000000        0.0       0.0  0.000          0.000000
731  0.000000     0.000000   0.000000     0.000000        0.0       0.0  0.000          0.000000
732  0.000000     0.000000   0.000000     0.000000        0.0       0.0  0.000          0.000000
733  0.000000     0.000000   0.000000     0.000000        0.0       0.0  0.000          0.000000
734  0.000000     0.000000   0.000000     0.000000        0.0       0.0  0.000          0.000000
735  0.000000     0.000000   0.000000     0.000000        0.0       0.0  0.000          0.000000
736  0.000000     0.000000   0.000000     0.000000        0.0       0.0  0.000          0.000000
737  0.000000     0.000000   0.000000     0.000000        0.0       0.0  0.000          0.000000
738  0.000000     0.000000   0.000000     0.000000        0.0       0.0  0.000          0.000000
739  0.000000     0.000000   0.000000     0.000000        0.0       0.0  0.000          0.000000
740  0.000000     0.000000   0.000000     0.000000        0.0       0.0  0.000          0.000000
741  0.000000     0.000000   0.000000     0.000000        0.0       0.0  0.000          0.000000
742  0.000000     0.000000   0.000000     0.000000        0.0       0.0  0.000          0.000000
743  0.000000     0.000000   0.000000     0.000000        0.0       0.0  0.000          0.000000
744  0.000000     0.000000   0.000000     0.000000        0.0       0.0  0.000          0.000000
745  0.000000     0.000000   0.000000     0.000000        0.0       0.0  0.000          0.000000
746  0.000000     0.000000   0.000000     0.000000        0.0       0.0  0.000          0.000000
747  0.000000     0.000000   0.000000     0.000000        0.0       0.0  0.000          0.000000
748  0.000000     0.000000   0.000000     0.000000        0.0       0.0  0.000          0.000000
749  0.000000     0.000000   0.000000     0.000000        0.0       0.0  0.000          0.000000
