       Energy  Energy_sqrd   QuantVar  BlockingVar   MCcycles  TimeStep    Eta  AcceptanceRation
0    6.772421    56.021430  10.155739     0.019768    16384.0       0.1  0.001          0.992950
1    6.753088    55.722629  10.118431     0.019698    16384.0       0.1  0.001          0.992950
2    6.733789    55.425075  10.081167     0.019628    16384.0       0.1  0.001          0.992950
3    6.714523    55.128758  10.043945     0.019558    16384.0       0.1  0.001          0.992950
4    6.697196    54.866062  10.013634     0.019502    16384.0       0.1  0.001          0.993011
5    6.676866    54.552651   9.972110     0.019419    16384.0       0.1  0.001          0.992920
6    6.659597    54.292069   9.941843     0.019365    16384.0       0.1  0.001          0.992981
7    6.640455    54.000389   9.904745     0.019295    16384.0       0.1  0.001          0.992981
8    6.621345    53.709898   9.867685     0.019225    16384.0       0.1  0.001          0.992981
9    6.602267    53.420590   9.830662     0.019155    16384.0       0.1  0.001          0.992981
10   6.583220    53.132459   9.793678     0.019085    16384.0       0.1  0.001          0.992981
11   6.566998    52.883164   9.757695     0.019050    16384.0       0.1  0.001          0.992950
12   6.548008    52.597203   9.720796     0.018980    16384.0       0.1  0.001          0.992950
13   6.529048    52.312407   9.683934     0.018910    16384.0       0.1  0.001          0.992950
14   6.510120    52.028773   9.647108     0.018840    16384.0       0.1  0.001          0.992950
15   6.491223    51.746295   9.610319     0.018770    16384.0       0.1  0.001          0.992950
16   6.472357    51.464969   9.573566     0.018701    16384.0       0.1  0.001          0.992950
17   6.454000    51.190184   9.536070     0.018633    16384.0       0.1  0.001          0.992920
18   6.435195    50.911125   9.499391     0.018563    16384.0       0.1  0.001          0.992920
19   6.416421    50.633210   9.462748     0.018493    16384.0       0.1  0.001          0.992920
20   6.397679    50.356438   9.426142     0.018423    16384.0       0.1  0.001          0.992920
21   6.378968    50.080806   9.389572     0.018353    16384.0       0.1  0.001          0.992920
22   6.360289    49.806314   9.353039     0.018283    16384.0       0.1  0.001          0.992920
23   6.341642    49.532961   9.316542     0.018213    16384.0       0.1  0.001          0.992920
24   6.323026    49.260745   9.280083     0.018143    16384.0       0.1  0.001          0.992920
25   6.304443    48.989668   9.243661     0.018073    16384.0       0.1  0.001          0.992920
26   6.285893    48.719729   9.207277     0.018004    16384.0       0.1  0.001          0.992920
27   6.267808    48.455786   9.170369     0.017932    16384.0       0.1  0.001          0.992859
28   6.250559    48.202995   9.133509     0.017859    16384.0       0.1  0.001          0.992828
29   6.232106    47.936389   9.097243     0.017789    16384.0       0.1  0.001          0.992828
30   6.213687    47.670924   9.061018     0.017719    16384.0       0.1  0.001          0.992828
31   6.195302    47.406604   9.024832     0.017649    16384.0       0.1  0.001          0.992828
32   6.176140    47.135679   8.990974     0.017593    16384.0       0.1  0.001          0.992889
33   6.157827    46.873676   8.954845     0.017523    16384.0       0.1  0.001          0.992889
34   6.139548    46.612798   8.918754     0.017453    16384.0       0.1  0.001          0.992889
35   6.121303    46.353051   8.882705     0.017383    16384.0       0.1  0.001          0.992889
36   6.103093    46.094442   8.846698     0.017314    16384.0       0.1  0.001          0.992889
37   6.084919    45.836975   8.810733     0.017244    16384.0       0.1  0.001          0.992889
38   6.066782    45.580656   8.774814     0.017174    16384.0       0.1  0.001          0.992889
39   6.048682    45.325490   8.738940     0.017104    16384.0       0.1  0.001          0.992889
40   6.030619    45.071482   8.703113     0.017034    16384.0       0.1  0.001          0.992889
41   6.012595    44.818637   8.667334     0.016964    16384.0       0.1  0.001          0.992889
42   5.994610    44.566960   8.631605     0.016894    16384.0       0.1  0.001          0.992889
43   5.976665    44.316455   8.595926     0.016825    16384.0       0.1  0.001          0.992889
44   5.958760    44.067126   8.560300     0.016755    16384.0       0.1  0.001          0.992889
45   5.940897    43.818978   8.524726     0.016685    16384.0       0.1  0.001          0.992889
46   5.923074    43.572016   8.489206     0.016615    16384.0       0.1  0.001          0.992889
47   5.905294    43.326243   8.453742     0.016546    16384.0       0.1  0.001          0.992889
48   5.887557    43.081663   8.418335     0.016476    16384.0       0.1  0.001          0.992889
49   5.869863    42.838280   8.382986     0.016407    16384.0       0.1  0.001          0.992889
50   6.772421    56.021430  10.155739     0.019768    16384.0       0.1  0.005          0.992950
51   6.676880    54.552856   9.972135     0.019419    16384.0       0.1  0.005          0.992920
52   6.583301    53.133686   9.793830     0.019085    16384.0       0.1  0.005          0.992981
53   6.491458    51.749782   9.610757     0.018771    16384.0       0.1  0.005          0.992950
54   6.398169    50.363622   9.427057     0.018425    16384.0       0.1  0.005          0.992920
55   6.305295    49.001998   9.245252     0.018076    16384.0       0.1  0.005          0.992920
56   6.214998    47.689666   9.063468     0.017723    16384.0       0.1  0.005          0.992828
57   6.123159    46.379266   8.886186     0.017390    16384.0       0.1  0.005          0.992889
58   6.033094    45.105986   8.707759     0.017043    16384.0       0.1  0.005          0.992889
59   5.944012    43.861851   8.530576     0.016696    16384.0       0.1  0.005          0.992889
60   5.855943    42.646766   8.354698     0.016350    16384.0       0.1  0.005          0.992889
61   5.768922    41.460658   8.180192     0.016006    16384.0       0.1  0.005          0.992889
62   5.681365    40.280959   8.003053     0.015690    16384.0       0.1  0.005          0.992828
63   5.596734    39.155601   7.832175     0.015335    16384.0       0.1  0.005          0.992828
64   5.512394    38.052071   7.665581     0.015013    16384.0       0.1  0.005          0.992737
65   5.429949    36.981883   7.497542     0.014675    16384.0       0.1  0.005          0.992737
66   5.348754    35.940504   7.331334     0.014338    16384.0       0.1  0.005          0.992737
67   5.268854    34.927886   7.167065     0.014004    16384.0       0.1  0.005          0.992737
68   5.190291    33.943973   7.004848     0.013672    16384.0       0.1  0.005          0.992737
69   5.113111    32.988699   6.844799     0.013343    16384.0       0.1  0.005          0.992737
70   5.037354    32.061976   6.687037     0.013017    16384.0       0.1  0.005          0.992737
71   4.963065    31.163696   6.531682     0.012695    16384.0       0.1  0.005          0.992737
72   4.890586    30.295831   6.378002     0.012370    16384.0       0.1  0.005          0.992767
73   4.819237    29.452441   6.227398     0.012055    16384.0       0.1  0.005          0.992798
74   4.751254    28.661237   6.086822     0.011793    16384.0       0.1  0.005          0.992859
75   4.681646    27.861199   5.943390     0.011466    16384.0       0.1  0.005          0.992859
76   4.615242    27.102021   5.801566     0.011166    16384.0       0.1  0.005          0.992859
77   4.550040    26.366759   5.663894     0.010880    16384.0       0.1  0.005          0.992889
78   4.486986    25.661265   5.528226     0.010591    16384.0       0.1  0.005          0.992889
79   4.425630    24.981973   5.395774     0.010308    16384.0       0.1  0.005          0.992889
80   4.365984    24.328419   5.266605     0.010031    16384.0       0.1  0.005          0.992889
81   4.308053    23.700093   5.140773     0.009760    16384.0       0.1  0.005          0.992889
82   4.251837    23.096439   5.018318     0.009497    16384.0       0.1  0.005          0.992889
83   4.197331    22.516857   4.899266     0.009239    16384.0       0.1  0.005          0.992889
84   4.144524    21.960709   4.783631     0.008989    16384.0       0.1  0.005          0.992889
85   4.093399    21.427325   4.671413     0.008746    16384.0       0.1  0.005          0.992889
86   4.043934    20.916005   4.562599     0.008509    16384.0       0.1  0.005          0.992889
87   3.996106    20.426027   4.457166     0.008280    16384.0       0.1  0.005          0.992889
88   3.949883    19.956652   4.355076     0.008057    16384.0       0.1  0.005          0.992889
89   3.905233    19.507129   4.256285     0.007842    16384.0       0.1  0.005          0.992889
90   3.862119    19.076702   4.160736     0.007633    16384.0       0.1  0.005          0.992889
91   3.820503    18.664614   4.068368     0.007431    16384.0       0.1  0.005          0.992889
92   3.780345    18.270114   3.979109     0.007236    16384.0       0.1  0.005          0.992889
93   3.741600    17.892457   3.892886     0.007047    16384.0       0.1  0.005          0.992889
94   3.703550    17.524831   3.808549     0.006860    16384.0       0.1  0.005          0.992950
95   3.667769    17.180013   3.727485     0.006681    16384.0       0.1  0.005          0.992981
96   3.633016    16.848762   3.649954     0.006511    16384.0       0.1  0.005          0.992981
97   3.600430    16.550428   3.587335     0.006359    16384.0       0.1  0.005          0.993103
98   3.568111    16.246310   3.514895     0.006201    16384.0       0.1  0.005          0.993103
99   3.536936    15.954890   3.444970     0.006048    16384.0       0.1  0.005          0.993103
100  6.772421    56.021430  10.155739     0.019768    16384.0       0.1  0.010          0.992950
101  6.583318    53.133936   9.793861     0.019085    16384.0       0.1  0.010          0.992981
102  6.398249    50.364800   9.427207     0.018425    16384.0       0.1  0.010          0.992920
103  6.215210    47.692701   9.063865     0.017724    16384.0       0.1  0.010          0.992828
104  6.033512    45.111805   8.708544     0.017044    16384.0       0.1  0.010          0.992889
105  5.856618    42.655938   8.355969     0.016353    16384.0       0.1  0.010          0.992889
106  5.682300    40.293346   8.004813     0.015694    16384.0       0.1  0.010          0.992828
107  5.513525    38.066651   7.667688     0.015017    16384.0       0.1  0.010          0.992737
108  5.349937    35.955321   7.333490     0.014342    16384.0       0.1  0.010          0.992737
109  5.191308    33.956263   7.006586     0.013675    16384.0       0.1  0.010          0.992737
110  5.037907    32.068221   6.687717     0.013018    16384.0       0.1  0.010          0.992737
111  4.890305    30.291898   6.376819     0.012367    16384.0       0.1  0.010          0.992767
112  4.747095    28.609892   6.074977     0.011704    16384.0       0.1  0.010          0.992828
113  4.611988    27.064175   5.793741     0.011149    16384.0       0.1  0.010          0.992859
114  4.481556    25.599847   5.515507     0.010563    16384.0       0.1  0.010          0.992889
115  4.357920    24.239405   5.247937     0.009990    16384.0       0.1  0.010          0.992889
116  4.240718    22.976408   4.992716     0.009440    16384.0       0.1  0.010          0.992889
117  4.130166    21.808096   4.749829     0.008915    16384.0       0.1  0.010          0.992859
118  4.025860    20.727906   4.520358     0.008416    16384.0       0.1  0.010          0.992859
119  3.927733    19.731358   4.304273     0.007945    16384.0       0.1  0.010          0.992889
120  3.835950    18.815227   4.100715     0.007500    16384.0       0.1  0.010          0.992889
121  3.748956    17.964700   3.910032     0.007075    16384.0       0.1  0.010          0.992981
122  3.667644    17.180769   3.729157     0.006682    16384.0       0.1  0.010          0.992920
123  3.592246    16.462652   3.558421     0.006282    16384.0       0.1  0.010          0.992889
124  3.522694    15.812634   3.403263     0.005944    16384.0       0.1  0.010          0.992950
125  3.458251    15.218155   3.258652     0.005627    16384.0       0.1  0.010          0.993011
126  3.397410    14.666019   3.123623     0.005336    16384.0       0.1  0.010          0.992950
127  3.340876    14.160039   2.998586     0.005066    16384.0       0.1  0.010          0.993011
128  3.290395    13.710070   2.883369     0.004799    16384.0       0.1  0.010          0.993042
129  3.242084    13.286587   2.775476     0.004565    16384.0       0.1  0.010          0.993073
130  3.198058    12.901770   2.674197     0.004343    16384.0       0.1  0.010          0.993042
131  3.156414    12.543788   2.580838     0.004141    16384.0       0.1  0.010          0.993042
132  3.117400    12.212216   2.494032     0.003950    16384.0       0.1  0.010          0.993011
133  3.081072    11.906197   2.413192     0.003777    16384.0       0.1  0.010          0.993042
134  3.047559    11.625660   2.338048     0.003615    16384.0       0.1  0.010          0.993042
135  3.016359    11.366324   2.267901     0.003465    16384.0       0.1  0.010          0.992981
136  2.987249    11.126343   2.202688     0.003325    16384.0       0.1  0.010          0.992981
137  2.961553    10.919835   2.149039     0.003200    16384.0       0.1  0.010          0.993011
138  2.936224    10.713555   2.092146     0.003079    16384.0       0.1  0.010          0.993011
139  2.912574    10.522116   2.039029     0.002965    16384.0       0.1  0.010          0.993011
140  2.890663    10.345617   1.989687     0.002857    16384.0       0.1  0.010          0.993042
141  2.870013    10.180313   1.943341     0.002759    16384.0       0.1  0.010          0.993042
142  2.850705    10.026526   1.900008     0.002667    16384.0       0.1  0.010          0.993042
143  2.832645     9.883350   1.859475     0.002581    16384.0       0.1  0.010          0.993042
144  2.815448     9.748490   1.821742     0.002504    16384.0       0.1  0.010          0.992981
145  2.798493     9.611696   1.780134     0.002425    16384.0       0.1  0.010          0.992950
146  2.783688     9.495940   1.747022     0.002355    16384.0       0.1  0.010          0.992950
147  2.769963     9.388329   1.715636     0.002289    16384.0       0.1  0.010          0.993011
148  2.756456     9.285297   1.687246     0.002231    16384.0       0.1  0.010          0.993042
149  2.744299     9.191186   1.660007     0.002174    16384.0       0.1  0.010          0.993042
150  6.772421    56.021430  10.155739     0.019768    16384.0       0.1  0.050          0.992950
151  5.857078    42.662195   8.356832     0.016354    16384.0       0.1  0.050          0.992889
152  5.038562    32.075727   6.688621     0.013019    16384.0       0.1  0.050          0.992737
153  4.350452    24.156942   5.230508     0.009952    16384.0       0.1  0.050          0.992889
154  3.805986    18.520467   4.034937     0.007350    16384.0       0.1  0.050          0.992889
155  3.403525    14.719332   3.135351     0.005354    16384.0       0.1  0.050          0.993103
156  3.119081    12.224102   2.495438     0.003949    16384.0       0.1  0.050          0.993103
157  2.920395    10.579219   2.050514     0.002993    16384.0       0.1  0.050          0.993042
158  2.784198     9.498991   1.747231     0.002349    16384.0       0.1  0.050          0.992981
159  2.694096     8.803464   1.545312     0.001651    16384.0       0.1  0.050          0.993011
160  2.637536     8.370205   1.413610     0.001425    16384.0       0.1  0.050          0.993011
161  2.606005     8.127072   1.335811     0.001287    16384.0       0.1  0.050          0.992981
162  2.591586     8.009378   1.293058     0.001209    16384.0       0.1  0.050          0.992981
163  2.589937     7.984197   1.276424     0.001171    16384.0       0.1  0.050          0.993073
164  2.597137     8.024966   1.279845     0.001168    16384.0       0.1  0.050          0.993042
165  2.609905     8.107272   1.295667     0.001186    16384.0       0.1  0.050          0.993042
166  2.626833     8.222512   1.322259     0.001221    16384.0       0.1  0.050          0.993103
167  2.644643     8.344655   1.350519     0.001262    16384.0       0.1  0.050          0.993103
168  2.662510     8.469379   1.380421     0.001307    16384.0       0.1  0.050          0.993073
169  2.679450     8.589085   1.409635     0.001353    16384.0       0.1  0.050          0.993073
170  2.694285     8.695192   1.436020     0.001397    16384.0       0.1  0.050          0.993073
171  2.706168     8.781171   1.457827     0.001435    16384.0       0.1  0.050          0.993073
172  2.714827     8.845365   1.475080     0.001471    16384.0       0.1  0.050          0.993103
173  2.719097     8.877460   1.483974     0.001491    16384.0       0.1  0.050          0.993103
174  2.718889     8.879888   1.487528     0.001507    16384.0       0.1  0.050          0.993042
175  2.714902     8.852296   1.481601     0.001506    16384.0       0.1  0.050          0.993042
176  2.707121     8.797348   1.468843     0.001496    16384.0       0.1  0.050          0.993073
177  2.696098     8.718301   1.449358     0.001477    16384.0       0.1  0.050          0.993011
178  2.682137     8.618693   1.424832     0.001446    16384.0       0.1  0.050          0.992950
179  2.666732     8.509353   1.397892     0.001415    16384.0       0.1  0.050          0.992920
180  2.650056     8.391754   1.368955     0.001381    16384.0       0.1  0.050          0.992920
181  2.633387     8.274217   1.339489     0.001346    16384.0       0.1  0.050          0.992981
182  2.616643     8.157278   1.310459     0.001311    16384.0       0.1  0.050          0.992981
183  2.600905     8.047512   1.282805     0.001277    16384.0       0.1  0.050          0.993042
184  2.585924     7.944316   1.257315     0.001248    16384.0       0.1  0.050          0.993042
185  2.572299     7.851181   1.234457     0.001222    16384.0       0.1  0.050          0.993042
186  2.560333     7.770221   1.214914     0.001200    16384.0       0.1  0.050          0.993073
187  2.549522     7.697304   1.197242     0.001180    16384.0       0.1  0.050          0.993011
188  2.540457     7.637212   1.183290     0.001167    16384.0       0.1  0.050          0.992920
189  2.533092     7.588601   1.172046     0.001156    16384.0       0.1  0.050          0.992889
190  2.527113     7.550143   1.163843     0.001149    16384.0       0.1  0.050          0.992828
191  2.522451     7.520252   1.157494     0.001145    16384.0       0.1  0.050          0.992828
192  2.518894     7.497860   1.153032     0.001143    16384.0       0.1  0.050          0.992828
193  2.516270     7.481721   1.150104     0.001142    16384.0       0.1  0.050          0.992828
194  2.514408     7.470620   1.148371     0.001142    16384.0       0.1  0.050          0.992828
195  2.513148     7.463428   1.147517     0.001143    16384.0       0.1  0.050          0.992828
196  2.512343     7.459129   1.147262     0.001144    16384.0       0.1  0.050          0.992828
197  2.511867     7.456848   1.147370     0.001145    16384.0       0.1  0.050          0.992828
198  2.511616     7.455860   1.147647     0.001146    16384.0       0.1  0.050          0.992828
199  2.511503     7.455596   1.147947     0.001145    16384.0       0.1  0.050          0.992828
200  6.772421    56.021430  10.155739     0.019768    16384.0       0.1  0.100          0.992950
201  5.037053    32.057446   6.685548     0.013013    16384.0       0.1  0.100          0.992737
202  3.794938    18.409675   4.008119     0.007264    16384.0       0.1  0.100          0.992828
203  3.105033    12.103125   2.461896     0.003886    16384.0       0.1  0.100          0.993134
204  2.766263     9.358798   1.706589     0.002259    16384.0       0.1  0.100          0.993073
205  2.625962     8.281763   1.386085     0.001375    16384.0       0.1  0.100          0.992950
206  2.596983     8.038621   1.294302     0.001196    16384.0       0.1  0.100          0.993103
207  2.632884     8.270597   1.338519     0.001236    16384.0       0.1  0.100          0.993042
208  2.705619     8.780924   1.460552     0.001399    16384.0       0.1  0.100          0.993134
209  2.797591     9.454749   1.628232     0.001653    16384.0       0.1  0.100          0.993134
210  2.888684    10.149439   1.804942     0.001926    16384.0       0.1  0.100          0.993195
211  2.960074    10.713364   1.951323     0.002167    16384.0       0.1  0.100          0.993286
212  2.998210    11.025063   2.035797     0.002322    16384.0       0.1  0.100          0.993286
213  2.996877    11.024022   2.042748     0.002358    16384.0       0.1  0.100          0.993286
214  2.959804    10.735110   1.974671     0.002276    16384.0       0.1  0.100          0.993225
215  2.898134    10.254818   1.855640     0.002116    16384.0       0.1  0.100          0.993103
216  2.824696     9.690904   1.711997     0.001913    16384.0       0.1  0.100          0.993042
217  2.752665     9.148368   1.571205     0.001717    16384.0       0.1  0.100          0.993011
218  2.688388     8.676584   1.449152     0.001551    16384.0       0.1  0.100          0.993042
219  2.634858     8.295272   1.352795     0.001425    16384.0       0.1  0.100          0.992950
220  2.595082     8.019164   1.284714     0.001342    16384.0       0.1  0.100          0.992889
221  2.567225     7.831090   1.240446     0.001295    16384.0       0.1  0.100          0.992828
222  2.550135     7.719657   1.216470     0.001278    16384.0       0.1  0.100          0.992889
223  2.540814     7.662652   1.206918     0.001276    16384.0       0.1  0.100          0.992920
224  2.537584     7.647521   1.208188     0.001288    16384.0       0.1  0.100          0.992889
225  2.538136     7.656585   1.214452     0.001301    16384.0       0.1  0.100          0.992920
226  2.541930     7.687081   1.225675     0.001322    16384.0       0.1  0.100          0.992950
227  2.546691     7.723730   1.238093     0.001340    16384.0       0.1  0.100          0.992950
228  2.551940     7.762405   1.250008     0.001355    16384.0       0.1  0.100          0.992950
229  2.556243     7.793561   1.259184     0.001363    16384.0       0.1  0.100          0.992950
230  2.559397     7.815712   1.265197     0.001363    16384.0       0.1  0.100          0.992950
231  2.560962     7.825445   1.266916     0.001355    16384.0       0.1  0.100          0.992920
232  2.561118     7.824998   1.265671     0.001342    16384.0       0.1  0.100          0.992920
233  2.559723     7.813186   1.261004     0.001324    16384.0       0.1  0.100          0.992950
234  2.557040     7.791678   1.253227     0.001301    16384.0       0.1  0.100          0.992950
235  2.553297     7.762310   1.242983     0.001274    16384.0       0.1  0.100          0.992950
236  2.548854     7.727689   1.231034     0.001246    16384.0       0.1  0.100          0.992950
237  2.544112     7.690750   1.218243     0.001217    16384.0       0.1  0.100          0.992950
238  2.539473     7.654409   1.205484     0.001190    16384.0       0.1  0.100          0.992950
239  2.535453     7.622851   1.194329     0.001165    16384.0       0.1  0.100          0.992981
240  2.531868     7.593922   1.183564     0.001143    16384.0       0.1  0.100          0.992950
241  2.529107     7.571104   1.174721     0.001124    16384.0       0.1  0.100          0.992920
242  2.527307     7.555065   1.167786     0.001109    16384.0       0.1  0.100          0.992920
243  2.526363     7.546112   1.163600     0.001099    16384.0       0.1  0.100          0.992859
244  2.525783     7.539373   1.159792     0.001090    16384.0       0.1  0.100          0.992889
245  2.526083     7.539085   1.157988     0.001087    16384.0       0.1  0.100          0.992920
246  2.526429     7.540170   1.157326     0.001085    16384.0       0.1  0.100          0.992950
247  2.526693     7.540307   1.156129     0.001083    16384.0       0.1  0.100          0.992950
248  2.526837     7.539997   1.155090     0.001082    16384.0       0.1  0.100          0.992950
249  2.526757     7.538506   1.154004     0.001082    16384.0       0.1  0.100          0.992950
250  6.855537    57.251891  10.253502     0.010257    32768.0       0.1  0.001          0.993576
251  6.835985    56.946658  10.215971     0.010220    32768.0       0.1  0.001          0.993576
252  6.816466    56.642688  10.178482     0.010183    32768.0       0.1  0.001          0.993576
253  6.796980    56.339972  10.141035     0.010146    32768.0       0.1  0.001          0.993576
254  6.778480    56.054695  10.106906     0.010112    32768.0       0.1  0.001          0.993607
255  6.758494    55.744685  10.067438     0.010072    32768.0       0.1  0.001          0.993561
256  6.740055    55.461709  10.033372     0.010038    32768.0       0.1  0.001          0.993591
257  6.720695    55.163799   9.996062     0.010001    32768.0       0.1  0.001          0.993591
258  6.701366    54.867093   9.958790     0.009964    32768.0       0.1  0.001          0.993591
259  6.682068    54.571584   9.921553     0.009927    32768.0       0.1  0.001          0.993591
260  6.662801    54.277267   9.884353     0.009890    32768.0       0.1  0.001          0.993591
261  6.644962    54.002966   9.847450     0.009861    32768.0       0.1  0.001          0.993576
262  6.625753    53.710929   9.810327     0.009824    32768.0       0.1  0.001          0.993576
263  6.606575    53.420068   9.773239     0.009787    32768.0       0.1  0.001          0.993576
264  6.587610    53.132419   9.735815     0.009747    32768.0       0.1  0.001          0.993561
265  6.568492    52.843902   9.698816     0.009710    32768.0       0.1  0.001          0.993561
266  6.549406    52.556566   9.661853     0.009673    32768.0       0.1  0.001          0.993561
267  6.530590    52.273099   9.624499     0.009636    32768.0       0.1  0.001          0.993546
268  6.511565    51.988090   9.587608     0.009599    32768.0       0.1  0.001          0.993546
269  6.492374    51.700999   9.550076     0.009560    32768.0       0.1  0.001          0.993561
270  6.473412    51.418323   9.513257     0.009523    32768.0       0.1  0.001          0.993561
271  6.454481    51.136802   9.476472     0.009486    32768.0       0.1  0.001          0.993561
272  6.435582    50.856434   9.439722     0.009449    32768.0       0.1  0.001          0.993561
273  6.416713    50.577216   9.403007     0.009412    32768.0       0.1  0.001          0.993561
274  6.397876    50.299147   9.366326     0.009375    32768.0       0.1  0.001          0.993561
275  6.379071    50.022225   9.329681     0.009338    32768.0       0.1  0.001          0.993561
276  6.359574    49.737799   9.293619     0.009314    32768.0       0.1  0.001          0.993546
277  6.341049    49.465635   9.256727     0.009276    32768.0       0.1  0.001          0.993515
278  6.322959    49.199623   9.219817     0.009238    32768.0       0.1  0.001          0.993500
279  6.304282    48.927280   9.183311     0.009201    32768.0       0.1  0.001          0.993500
280  6.285638    48.656083   9.146842     0.009164    32768.0       0.1  0.001          0.993500
281  6.266962    48.384351   9.109536     0.009125    32768.0       0.1  0.001          0.993546
282  6.247503    48.103249   9.071950     0.009090    32768.0       0.1  0.001          0.993561
283  6.229158    47.837604   9.035190     0.009050    32768.0       0.1  0.001          0.993546
284  6.210651    47.571061   8.998876     0.009013    32768.0       0.1  0.001          0.993546
285  6.192178    47.305671   8.962602     0.008977    32768.0       0.1  0.001          0.993546
286  6.173740    47.041436   8.926368     0.008940    32768.0       0.1  0.001          0.993546
287  6.155338    46.778362   8.890176     0.008903    32768.0       0.1  0.001          0.993546
288  6.136972    46.516451   8.854026     0.008866    32768.0       0.1  0.001          0.993546
289  6.118643    46.255707   8.817919     0.008829    32768.0       0.1  0.001          0.993546
290  6.100351    45.996135   8.781857     0.008792    32768.0       0.1  0.001          0.993546
291  6.082096    45.737737   8.745841     0.008755    32768.0       0.1  0.001          0.993546
292  6.063881    45.480519   8.709871     0.008719    32768.0       0.1  0.001          0.993546
293  6.045704    45.224484   8.673949     0.008682    32768.0       0.1  0.001          0.993546
294  6.027567    44.969635   8.638075     0.008645    32768.0       0.1  0.001          0.993546
295  6.009470    44.715978   8.602252     0.008608    32768.0       0.1  0.001          0.993546
296  5.991413    44.463515   8.566479     0.008572    32768.0       0.1  0.001          0.993546
297  5.973977    44.221767   8.533362     0.008535    32768.0       0.1  0.001          0.993561
298  5.956003    43.971655   8.497683     0.008498    32768.0       0.1  0.001          0.993561
299  5.938071    43.722746   8.462057     0.008462    32768.0       0.1  0.001          0.993561
300  6.855537    57.251891  10.253502     0.010257    32768.0       0.1  0.005          0.993576
301  6.758509    55.744902  10.067464     0.010072    32768.0       0.1  0.005          0.993561
302  6.662885    54.278540   9.884508     0.009890    32768.0       0.1  0.005          0.993591
303  6.568735    52.847549   9.699264     0.009710    32768.0       0.1  0.005          0.993561
304  6.473910    51.425687   9.514173     0.009524    32768.0       0.1  0.005          0.993561
305  6.379932    50.034790   9.331264     0.009340    32768.0       0.1  0.005          0.993561
306  6.286970    48.675289   9.149293     0.009166    32768.0       0.1  0.005          0.993500
307  6.194077    47.332689   8.966099     0.008980    32768.0       0.1  0.005          0.993546
308  6.102885    46.031729   8.786526     0.008797    32768.0       0.1  0.005          0.993546
309  6.012667    44.760300   8.608139     0.008614    32768.0       0.1  0.005          0.993546
310  5.924029    43.527678   8.433563     0.008432    32768.0       0.1  0.005          0.993561
311  5.835163    42.307855   8.258728     0.008251    32768.0       0.1  0.005          0.993530
312  5.747900    41.123027   8.084678     0.008084    32768.0       0.1  0.005          0.993515
313  5.661912    39.969166   7.911922     0.007901    32768.0       0.1  0.005          0.993515
314  5.576722    38.841854   7.742025     0.007726    32768.0       0.1  0.005          0.993469
315  5.493724    37.754604   7.573601     0.007546    32768.0       0.1  0.005          0.993484
316  5.411304    36.687645   7.405437     0.007368    32768.0       0.1  0.005          0.993484
317  5.330168    35.649834   7.239143     0.007192    32768.0       0.1  0.005          0.993484
318  5.250363    34.641147   7.074838     0.007017    32768.0       0.1  0.005          0.993484
319  5.171934    33.661544   6.912643     0.006844    32768.0       0.1  0.005          0.993484
320  5.095447    32.715483   6.751900     0.006666    32768.0       0.1  0.005          0.993515
321  5.019766    31.792365   6.594309     0.006497    32768.0       0.1  0.005          0.993500
322  4.945891    30.900656   6.438823     0.006328    32768.0       0.1  0.005          0.993515
323  4.873359    30.035826   6.286199     0.006163    32768.0       0.1  0.005          0.993530
324  4.803121    29.209966   6.139992     0.006012    32768.0       0.1  0.005          0.993576
325  4.733011    28.395625   5.994228     0.005844    32768.0       0.1  0.005          0.993530
326  4.665415    27.616357   5.850262     0.005687    32768.0       0.1  0.005          0.993530
327  4.599269    26.863219   5.709945     0.005534    32768.0       0.1  0.005          0.993546
328  4.535217    26.141555   5.573359     0.005381    32768.0       0.1  0.005          0.993561
329  4.473032    25.449020   5.441007     0.005240    32768.0       0.1  0.005          0.993576
330  4.412270    24.777937   5.309811     0.005095    32768.0       0.1  0.005          0.993576
331  4.353248    24.132780   5.182011     0.004954    32768.0       0.1  0.005          0.993576
332  4.295968    23.512994   5.057653     0.004816    32768.0       0.1  0.005          0.993576
333  4.240441    22.917656   4.936313     0.004682    32768.0       0.1  0.005          0.993622
334  4.186633    22.346837   4.818937     0.004552    32768.0       0.1  0.005          0.993622
335  4.134668    21.800261   4.704782     0.004427    32768.0       0.1  0.005          0.993652
336  4.084123    21.274487   4.594426     0.004304    32768.0       0.1  0.005          0.993683
337  4.035142    20.770808   4.488436     0.004187    32768.0       0.1  0.005          0.993668
338  3.988827    20.295898   4.385158     0.004069    32768.0       0.1  0.005          0.993683
339  3.943456    19.835882   4.285036     0.003957    32768.0       0.1  0.005          0.993652
340  3.899648    19.394957   4.187705     0.003850    32768.0       0.1  0.005          0.993668
341  3.857233    18.972460   4.094216     0.003746    32768.0       0.1  0.005          0.993668
342  3.816670    18.572106   4.005135     0.003647    32768.0       0.1  0.005          0.993683
343  3.777146    18.184718   3.917888     0.003550    32768.0       0.1  0.005          0.993698
344  3.738721    17.811234   3.833200     0.003456    32768.0       0.1  0.005          0.993729
345  3.702117    17.457290   3.751622     0.003364    32768.0       0.1  0.005          0.993744
346  3.666692    17.117907   3.673277     0.003278    32768.0       0.1  0.005          0.993744
347  3.632229    16.791396   3.598308     0.003193    32768.0       0.1  0.005          0.993790
348  3.600044    16.491050   3.530732     0.003116    32768.0       0.1  0.005          0.993805
349  3.568262    16.192772   3.460279     0.003038    32768.0       0.1  0.005          0.993805
350  6.855537    57.251891  10.253502     0.010257    32768.0       0.1  0.010          0.993576
351  6.662902    54.278806   9.884540     0.009890    32768.0       0.1  0.010          0.993591
352  6.473991    51.426876   9.514320     0.009524    32768.0       0.1  0.010          0.993561
353  6.287184    48.678366   9.149686     0.009167    32768.0       0.1  0.010          0.993500
354  6.103308    46.037682   8.787308     0.008797    32768.0       0.1  0.010          0.993546
355  5.924719    43.537138   8.434839     0.008433    32768.0       0.1  0.010          0.993561
356  5.748871    41.135980   8.086466     0.008086    32768.0       0.1  0.010          0.993515
357  5.577924    38.857445   7.744212     0.007728    32768.0       0.1  0.010          0.993469
358  5.412608    36.704072   7.407750     0.007371    32768.0       0.1  0.010          0.993484
359  5.251558    34.655675   7.076818     0.007019    32768.0       0.1  0.010          0.993484
360  5.096236    32.724514   6.752894     0.006667    32768.0       0.1  0.010          0.993515
361  4.945891    30.899833   6.437992     0.006326    32768.0       0.1  0.010          0.993515
362  4.800743    29.179030   6.131895     0.005985    32768.0       0.1  0.010          0.993530
363  4.662463    27.581230   5.842673     0.005677    32768.0       0.1  0.010          0.993530
364  4.530355    26.086956   5.562839     0.005373    32768.0       0.1  0.010          0.993576
365  4.404387    24.689501   5.290874     0.005073    32768.0       0.1  0.010          0.993576
366  4.284920    23.391953   5.031410     0.004786    32768.0       0.1  0.010          0.993576
367  4.172226    22.191877   4.784408     0.004513    32768.0       0.1  0.010          0.993591
368  4.065874    21.082126   4.550793     0.004253    32768.0       0.1  0.010          0.993637
369  3.966396    20.064549   4.332249     0.004008    32768.0       0.1  0.010          0.993652
370  3.872699    19.123372   4.125577     0.003778    32768.0       0.1  0.010          0.993668
371  3.785023    18.259175   3.932777     0.003562    32768.0       0.1  0.010          0.993744
372  3.702661    17.460375   3.750680     0.003361    32768.0       0.1  0.010          0.993713
373  3.626082    16.728349   3.579875     0.003165    32768.0       0.1  0.010          0.993698
374  3.555102    16.061527   3.422777     0.002991    32768.0       0.1  0.010          0.993729
375  3.489691    15.453859   3.275918     0.002825    32768.0       0.1  0.010          0.993805
376  3.427747    14.889013   3.139561     0.002678    32768.0       0.1  0.010          0.993805
377  3.370876    14.376143   3.013336     0.002536    32768.0       0.1  0.010          0.993835
378  3.318539    13.909295   2.896596     0.002405    32768.0       0.1  0.010          0.993851
379  3.269219    13.475599   2.787803     0.002287    32768.0       0.1  0.010          0.993851
380  3.223458    13.076317   2.685639     0.002177    32768.0       0.1  0.010          0.993820
381  3.180536    12.707663   2.591856     0.002077    32768.0       0.1  0.010          0.993835
382  3.140152    12.365502   2.504945     0.001986    32768.0       0.1  0.010          0.993805
383  3.103231    12.053801   2.423756     0.001899    32768.0       0.1  0.010          0.993805
384  3.068825    11.765870   2.348186     0.001819    32768.0       0.1  0.010          0.993805
385  3.036846    11.500056   2.277623     0.001744    32768.0       0.1  0.010          0.993820
386  3.006844    11.253027   2.211919     0.001675    32768.0       0.1  0.010          0.993835
387  2.978747    11.026342   2.153410     0.001613    32768.0       0.1  0.010          0.993805
388  2.952445    10.813055   2.096126     0.001554    32768.0       0.1  0.010          0.993790
389  2.927994    10.615744   2.042594     0.001497    32768.0       0.1  0.010          0.993790
390  2.905134    10.432596   1.992794     0.001445    32768.0       0.1  0.010          0.993774
391  2.883685    10.261574   1.945933     0.001396    32768.0       0.1  0.010          0.993774
392  2.863379    10.100816   1.901876     0.001350    32768.0       0.1  0.010          0.993744
393  2.844638     9.952405   1.860441     0.001309    32768.0       0.1  0.010          0.993744
394  2.826887     9.812741   1.821449     0.001269    32768.0       0.1  0.010          0.993713
395  2.809710     9.676740   1.782269     0.001232    32768.0       0.1  0.010          0.993698
396  2.794181     9.555658   1.748211     0.001197    32768.0       0.1  0.010          0.993729
397  2.779531     9.442201   1.716409     0.001165    32768.0       0.1  0.010          0.993729
398  2.765295     9.332309   1.685451     0.001134    32768.0       0.1  0.010          0.993759
399  2.751986     9.230851   1.657423     0.001106    32768.0       0.1  0.010          0.993713
400  6.855537    57.251891  10.253502     0.010257    32768.0       0.1  0.050          0.993576
401  5.925202    43.543739   8.435721     0.008434    32768.0       0.1  0.050          0.993561
402  5.097105    32.734538   6.754059     0.006668    32768.0       0.1  0.050          0.993515
403  4.397066    24.607181   5.272989     0.005052    32768.0       0.1  0.050          0.993576
404  3.843014    18.826561   4.057807     0.003698    32768.0       0.1  0.050          0.993622
405  3.432982    14.929019   3.143656     0.002671    32768.0       0.1  0.050          0.993820
406  3.139929    12.353618   2.494467     0.001966    32768.0       0.1  0.050          0.993820
407  2.934453    10.656649   2.045634     0.001492    32768.0       0.1  0.050          0.993729
408  2.792982     9.540600   1.739852     0.001183    32768.0       0.1  0.050          0.993729
409  2.699381     8.824564   1.537907     0.000981    32768.0       0.1  0.050          0.993729
410  2.639210     8.373548   1.408121     0.000856    32768.0       0.1  0.050          0.993729
411  2.603717     8.107468   1.328128     0.000780    32768.0       0.1  0.050          0.993607
412  2.585734     7.970261   1.284242     0.000743    32768.0       0.1  0.050          0.993591
413  2.580122     7.922906   1.265877     0.000732    32768.0       0.1  0.050          0.993622
414  2.583275     7.939186   1.265877     0.000641    32768.0       0.1  0.050          0.993652
415  2.592314     7.998350   1.278261     0.000655    32768.0       0.1  0.050          0.993652
416  2.605607     8.089229   1.300041     0.000676    32768.0       0.1  0.050          0.993744
417  2.619834     8.188084   1.324556     0.000700    32768.0       0.1  0.050          0.993713
418  2.634649     8.292488   1.351116     0.000725    32768.0       0.1  0.050          0.993698
419  2.648813     8.393356   1.377146     0.000750    32768.0       0.1  0.050          0.993698
420  2.661372     8.484189   1.401287     0.000775    32768.0       0.1  0.050          0.993729
421  2.670902     8.554603   1.420887     0.000795    32768.0       0.1  0.050          0.993713
422  2.677413     8.603461   1.434920     0.000811    32768.0       0.1  0.050          0.993713
423  2.680268     8.625661   1.441825     0.000821    32768.0       0.1  0.050          0.993713
424  2.679366     8.621582   1.442582     0.000825    32768.0       0.1  0.050          0.993683
425  2.674527     8.587922   1.434829     0.000821    32768.0       0.1  0.050          0.993683
426  2.666103     8.528392   1.420286     0.000812    32768.0       0.1  0.050          0.993713
427  2.654784     8.447726   1.399849     0.000797    32768.0       0.1  0.050          0.993713
428  2.640989     8.348976   1.374155     0.000778    32768.0       0.1  0.050          0.993668
429  2.625512     8.239270   1.345957     0.000756    32768.0       0.1  0.050          0.993622
430  2.609261     8.124079   1.315837     0.000733    32768.0       0.1  0.050          0.993622
431  2.592874     8.008200   1.285202     0.000709    32768.0       0.1  0.050          0.993637
432  2.577088     7.896563   1.255180     0.000685    32768.0       0.1  0.050          0.993576
433  2.561745     7.788014   1.225476     0.000661    32768.0       0.1  0.050          0.993607
434  2.547721     7.690607   1.199722     0.000640    32768.0       0.1  0.050          0.993607
435  2.535146     7.603772   1.176808     0.000622    32768.0       0.1  0.050          0.993607
436  2.524066     7.527861   1.156951     0.000606    32768.0       0.1  0.050          0.993576
437  2.514655     7.463623   1.140135     0.000592    32768.0       0.1  0.050          0.993561
438  2.506842     7.410569   1.126313     0.000581    32768.0       0.1  0.050          0.993546
439  2.500589     7.368517   1.115574     0.000572    32768.0       0.1  0.050          0.993530
440  2.495748     7.336510   1.107749     0.000565    32768.0       0.1  0.050          0.993500
441  2.492092     7.312394   1.101870     0.000560    32768.0       0.1  0.050          0.993500
442  2.489472     7.295349   1.097879     0.000557    32768.0       0.1  0.050          0.993500
443  2.487706     7.284095   1.095412     0.000554    32768.0       0.1  0.050          0.993500
444  2.486619     7.277438   1.094162     0.000553    32768.0       0.1  0.050          0.993515
445  2.486049     7.274157   1.093720     0.000552    32768.0       0.1  0.050          0.993515
446  2.485847     7.273278   1.093841     0.000552    32768.0       0.1  0.050          0.993515
447  2.485890     7.273931   1.094281     0.000551    32768.0       0.1  0.050          0.993515
448  2.486073     7.275404   1.094844     0.000551    32768.0       0.1  0.050          0.993515
449  2.486315     7.277140   1.095377     0.000551    32768.0       0.1  0.050          0.993515
450  6.855537    57.251891  10.253502     0.010257    32768.0       0.1  0.100          0.993576
451  5.095599    32.716118   6.750984     0.006664    32768.0       0.1  0.100          0.993515
452  3.832983    18.723111   4.031350     0.003654    32768.0       0.1  0.100          0.993668
453  3.123673    12.214066   2.456731     0.001927    32768.0       0.1  0.100          0.993790
454  2.774019     9.390996   1.695816     0.001135    32768.0       0.1  0.100          0.993790
455  2.625816     8.270955   1.376045     0.000822    32768.0       0.1  0.100          0.993668
456  2.588725     7.985516   1.284020     0.000744    32768.0       0.1  0.100          0.993637
457  2.617118     8.173234   1.323926     0.000687    32768.0       0.1  0.100          0.993668
458  2.682316     8.635064   1.440244     0.000789    32768.0       0.1  0.100          0.993729
459  2.766818     9.258436   1.603153     0.000935    32768.0       0.1  0.100          0.993774
460  2.851549     9.906373   1.775043     0.001088    32768.0       0.1  0.100          0.993820
461  2.920054    10.446400   1.919683     0.001222    32768.0       0.1  0.100          0.993912
462  2.954232    10.726684   1.999196     0.001302    32768.0       0.1  0.100          0.993942
463  2.949571    10.700347   2.000380     0.001314    32768.0       0.1  0.100          0.993958
464  2.910584    10.398515   1.927016     0.001259    32768.0       0.1  0.100          0.993927
465  2.848488     9.917752   1.803867     0.001158    32768.0       0.1  0.100          0.993820
466  2.776544     9.367446   1.658251     0.001036    32768.0       0.1  0.100          0.993774
467  2.705641     8.835940   1.515448     0.000917    32768.0       0.1  0.100          0.993668
468  2.644020     8.383698   1.392854     0.000813    32768.0       0.1  0.100          0.993637
469  2.594172     8.026152   1.296422     0.000734    32768.0       0.1  0.100          0.993576
470  2.557407     7.768409   1.228078     0.000677    32768.0       0.1  0.100          0.993546
471  2.532377     7.596366   1.183433     0.000639    32768.0       0.1  0.100          0.993515
472  2.517365     7.496104   1.158975     0.000619    32768.0       0.1  0.100          0.993591
473  2.510549     7.451936   1.149078     0.000611    32768.0       0.1  0.100          0.993591
474  2.509755     7.450696   1.151826     0.000612    32768.0       0.1  0.100          0.993561
475  2.512593     7.472414   1.159289     0.000615    32768.0       0.1  0.100          0.993591
476  2.517765     7.510519   1.171380     0.000622    32768.0       0.1  0.100          0.993530
477  2.524050     7.555696   1.184867     0.000631    32768.0       0.1  0.100          0.993515
478  2.531067     7.604613   1.198311     0.000638    32768.0       0.1  0.100          0.993546
479  2.536617     7.642740   1.208312     0.000643    32768.0       0.1  0.100          0.993561
480  2.540467     7.669079   1.215105     0.000645    32768.0       0.1  0.100          0.993561
481  2.542559     7.682638   1.218030     0.000644    32768.0       0.1  0.100          0.993561
482  2.542747     7.682269   1.216707     0.000639    32768.0       0.1  0.100          0.993561
483  2.541178     7.669361   1.211773     0.000717    32768.0       0.1  0.100          0.993561
484  2.538080     7.645215   1.203363     0.000705    32768.0       0.1  0.100          0.993576
485  2.533091     7.608521   1.191972     0.000611    32768.0       0.1  0.100          0.993546
486  2.527862     7.569276   1.179188     0.000599    32768.0       0.1  0.100          0.993546
487  2.522257     7.527314   1.165535     0.000586    32768.0       0.1  0.100          0.993546
488  2.516803     7.486663   1.152365     0.000574    32768.0       0.1  0.100          0.993561
489  2.511417     7.446879   1.139664     0.000564    32768.0       0.1  0.100          0.993530
490  2.507039     7.413778   1.128535     0.000554    32768.0       0.1  0.100          0.993515
491  2.503630     7.387555   1.119392     0.000547    32768.0       0.1  0.100          0.993515
492  2.501188     7.368311   1.112372     0.000542    32768.0       0.1  0.100          0.993515
493  2.499667     7.356173   1.107836     0.000539    32768.0       0.1  0.100          0.993484
494  2.498792     7.348507   1.104545     0.000537    32768.0       0.1  0.100          0.993500
495  2.498789     7.347246   1.103298     0.000538    32768.0       0.1  0.100          0.993546
496  2.498859     7.346762   1.102467     0.000538    32768.0       0.1  0.100          0.993546
497  2.499260     7.348873   1.102575     0.000539    32768.0       0.1  0.100          0.993591
498  2.499351     7.349222   1.102467     0.000541    32768.0       0.1  0.100          0.993591
499  2.499215     7.348309   1.102232     0.000542    32768.0       0.1  0.100          0.993591
500  6.824790    56.830815  10.253059     0.005938    65536.0       0.1  0.001          0.993492
501  6.805867    56.534116  10.214288     0.005923    65536.0       0.1  0.001          0.993484
502  6.786433    56.231921  10.176254     0.005901    65536.0       0.1  0.001          0.993484
503  6.767032    55.930979  10.138263     0.005879    65536.0       0.1  0.001          0.993484
504  6.748140    55.639378  10.101980     0.005858    65536.0       0.1  0.001          0.993500
505  6.729031    55.341827  10.061963     0.005830    65536.0       0.1  0.001          0.993492
506  6.710203    55.052584  10.025758     0.005808    65536.0       0.1  0.001          0.993507
507  6.690931    54.756485   9.987924     0.005787    65536.0       0.1  0.001          0.993507
508  6.671692    54.461596   9.950128     0.005765    65536.0       0.1  0.001          0.993507
509  6.652484    54.167909   9.912369     0.005743    65536.0       0.1  0.001          0.993507
510  6.633308    53.875416   9.874647     0.005721    65536.0       0.1  0.001          0.993507
511  6.614862    53.593529   9.837134     0.005699    65536.0       0.1  0.001          0.993500
512  6.594525    53.291169   9.803415     0.005681    65536.0       0.1  0.001          0.993561
513  6.575314    53.000645   9.765896     0.005661    65536.0       0.1  0.001          0.993568
514  6.556006    52.710245   9.729032     0.005640    65536.0       0.1  0.001          0.993568
515  6.536985    52.423640   9.691464     0.005618    65536.0       0.1  0.001          0.993568
516  6.517995    52.138196   9.653931     0.005596    65536.0       0.1  0.001          0.993568
517  6.499156    51.855259   9.616227     0.005574    65536.0       0.1  0.001          0.993561
518  6.480014    51.569810   9.579232     0.005554    65536.0       0.1  0.001          0.993568
519  6.461019    51.286219   9.541455     0.005532    65536.0       0.1  0.001          0.993576
520  6.442154    51.005408   9.504058     0.005510    65536.0       0.1  0.001          0.993576
521  6.423321    50.725748   9.466696     0.005489    65536.0       0.1  0.001          0.993576
522  6.404572    50.447592   9.429052     0.005467    65536.0       0.1  0.001          0.993591
523  6.385802    50.170230   9.391761     0.005445    65536.0       0.1  0.001          0.993591
524  6.367065    49.894018   9.354505     0.005423    65536.0       0.1  0.001          0.993591
525  6.348360    49.618956   9.317286     0.005401    65536.0       0.1  0.001          0.993591
526  6.329701    49.345953   9.280838     0.005378    65536.0       0.1  0.001          0.993599
527  6.311562    49.077393   9.241572     0.005351    65536.0       0.1  0.001          0.993568
528  6.293265    48.809487   9.204307     0.005329    65536.0       0.1  0.001          0.993561
529  6.274821    48.540368   9.166986     0.005306    65536.0       0.1  0.001          0.993553
530  6.256283    48.271039   9.129967     0.005285    65536.0       0.1  0.001          0.993553
531  6.237747    48.002031   9.092549     0.005261    65536.0       0.1  0.001          0.993576
532  6.219164    47.734044   9.056046     0.005237    65536.0       0.1  0.001          0.993591
533  6.200829    47.469237   9.018951     0.005215    65536.0       0.1  0.001          0.993584
534  6.182433    47.204572   8.982096     0.005193    65536.0       0.1  0.001          0.993584
535  6.163955    46.940270   8.945923     0.005172    65536.0       0.1  0.001          0.993576
536  6.145632    46.677947   8.909153     0.005151    65536.0       0.1  0.001          0.993576
537  6.127346    46.416798   8.872428     0.005129    65536.0       0.1  0.001          0.993576
538  6.109098    46.156824   8.835749     0.005107    65536.0       0.1  0.001          0.993576
539  6.090888    45.898030   8.799116     0.005085    65536.0       0.1  0.001          0.993576
540  6.072717    45.640420   8.762533     0.005064    65536.0       0.1  0.001          0.993576
541  6.054728    45.385548   8.725817     0.005041    65536.0       0.1  0.001          0.993553
542  6.036636    45.130313   8.689336     0.005020    65536.0       0.1  0.001          0.993553
543  6.019056    44.881529   8.652494     0.004999    65536.0       0.1  0.001          0.993546
544  6.001046    44.628668   8.616120     0.004977    65536.0       0.1  0.001          0.993546
545  5.983077    44.377012   8.579800     0.004955    65536.0       0.1  0.001          0.993546
546  5.965151    44.126565   8.543535     0.004933    65536.0       0.1  0.001          0.993546
547  5.947558    43.882087   8.508644     0.004911    65536.0       0.1  0.001          0.993553
548  5.929718    43.634042   8.472487     0.004889    65536.0       0.1  0.001          0.993553
549  5.911922    43.387213   8.436390     0.004867    65536.0       0.1  0.001          0.993553
550  6.824790    56.830815  10.253059     0.005938    65536.0       0.1  0.005          0.993492
551  6.729045    55.342030  10.061988     0.005830    65536.0       0.1  0.005          0.993492
552  6.633383    53.876565   9.874790     0.005721    65536.0       0.1  0.005          0.993507
553  6.537215    52.427080   9.691899     0.005618    65536.0       0.1  0.005          0.993568
554  6.442651    51.012755   9.504999     0.005511    65536.0       0.1  0.005          0.993576
555  6.349236    49.631740   9.318947     0.005402    65536.0       0.1  0.005          0.993591
556  6.257634    48.290519   9.132531     0.005286    65536.0       0.1  0.005          0.993553
557  6.165969    46.968065   8.948886     0.005173    65536.0       0.1  0.005          0.993584
558  6.075204    45.675358   8.767256     0.005066    65536.0       0.1  0.005          0.993576
559  5.986159    44.419748   8.585647     0.004958    65536.0       0.1  0.005          0.993546
560  5.897810    43.191407   8.407246     0.004850    65536.0       0.1  0.005          0.993553
561  5.809386    41.978557   8.229591     0.004746    65536.0       0.1  0.005          0.993530
562  5.722786    40.803927   8.053647     0.004639    65536.0       0.1  0.005          0.993523
563  5.638028    39.669448   7.882083     0.004533    65536.0       0.1  0.005          0.993538
564  5.553683    38.553860   7.710462     0.004430    65536.0       0.1  0.005          0.993507
565  5.471032    37.471269   7.539077     0.004321    65536.0       0.1  0.005          0.993515
566  5.389102    36.411492   7.369075     0.004216    65536.0       0.1  0.005          0.993515
567  5.308703    35.383359   7.201028     0.004110    65536.0       0.1  0.005          0.993523
568  5.229712    34.384967   7.035083     0.004007    65536.0       0.1  0.005          0.993530
569  5.152022    33.414533   6.871201     0.003903    65536.0       0.1  0.005          0.993515
570  5.075890    32.473129   6.708466     0.003797    65536.0       0.1  0.005          0.993523
571  5.000813    31.558529   6.550400     0.003698    65536.0       0.1  0.005          0.993523
572  4.927088    30.669328   6.393131     0.003600    65536.0       0.1  0.005          0.993546
573  4.855390    29.814093   6.239284     0.003501    65536.0       0.1  0.005          0.993553
574  4.785224    28.986861   6.088493     0.003404    65536.0       0.1  0.005          0.993561
575  4.716886    28.192530   5.943518     0.003308    65536.0       0.1  0.005          0.993546
576  4.650494    27.426577   5.799485     0.003210    65536.0       0.1  0.005          0.993553
577  4.585275    26.682889   5.658144     0.003119    65536.0       0.1  0.005          0.993561
578  4.521956    25.968484   5.520400     0.003028    65536.0       0.1  0.005          0.993568
579  4.460051    25.278767   5.386709     0.002939    65536.0       0.1  0.005          0.993591
580  4.400109    24.616166   5.255208     0.002853    65536.0       0.1  0.005          0.993591
581  4.341902    23.979341   5.127227     0.002769    65536.0       0.1  0.005          0.993591
582  4.285408    23.367537   5.002816     0.002687    65536.0       0.1  0.005          0.993599
583  4.230929    22.782668   4.881911     0.002605    65536.0       0.1  0.005          0.993629
584  4.178074    22.220856   4.764557     0.002529    65536.0       0.1  0.005          0.993599
585  4.126641    21.679922   4.650755     0.002455    65536.0       0.1  0.005          0.993637
586  4.076997    21.162649   4.540741     0.002383    65536.0       0.1  0.005          0.993637
587  4.028735    20.665166   4.434460     0.002315    65536.0       0.1  0.005          0.993622
588  3.982843    20.194621   4.331583     0.002244    65536.0       0.1  0.005          0.993637
589  3.938066    19.740455   4.232093     0.002179    65536.0       0.1  0.005          0.993637
590  3.894914    19.306363   4.136010     0.002116    65536.0       0.1  0.005          0.993614
591  3.853251    18.890307   4.042766     0.002056    65536.0       0.1  0.005          0.993637
592  3.813244    18.494352   3.953524     0.001999    65536.0       0.1  0.005          0.993622
593  3.774426    18.113488   3.867199     0.001942    65536.0       0.1  0.005          0.993622
594  3.737147    17.752686   3.786421     0.001889    65536.0       0.1  0.005          0.993660
595  3.701064    17.403878   3.706005     0.001837    65536.0       0.1  0.005          0.993675
596  3.665978    17.067744   3.628347     0.001786    65536.0       0.1  0.005          0.993652
597  3.632265    16.747419   3.554072     0.001738    65536.0       0.1  0.005          0.993675
598  3.600284    16.446922   3.484876     0.001694    65536.0       0.1  0.005          0.993683
599  3.569075    16.153845   3.415549     0.001649    65536.0       0.1  0.005          0.993683
600  6.824790    56.830815  10.253059     0.005938    65536.0       0.1  0.010          0.993492
601  6.633399    53.876804   9.874819     0.005721    65536.0       0.1  0.010          0.993507
602  6.442732    51.013953   9.505153     0.005511    65536.0       0.1  0.010          0.993576
603  6.257853    48.293665   9.132945     0.005286    65536.0       0.1  0.010          0.993553
604  6.075626    45.681292   8.768060     0.005067    65536.0       0.1  0.010          0.993576
605  5.898476    43.200540   8.408515     0.004850    65536.0       0.1  0.010          0.993553
606  5.723691    40.816006   8.055364     0.004640    65536.0       0.1  0.010          0.993523
607  5.554875    38.568765   7.712129     0.004430    65536.0       0.1  0.010          0.993515
608  5.390208    36.425424   7.371079     0.004217    65536.0       0.1  0.010          0.993515
609  5.230618    34.395941   7.036572     0.004007    65536.0       0.1  0.010          0.993530
610  5.076284    32.477395   6.708739     0.003797    65536.0       0.1  0.010          0.993523
611  4.926576    30.662456   6.391305     0.003598    65536.0       0.1  0.010          0.993546
612  4.783196    28.961926   6.082965     0.003397    65536.0       0.1  0.010          0.993553
613  4.646765    27.382657   5.790232     0.003203    65536.0       0.1  0.010          0.993553
614  4.515634    25.897878   5.506931     0.003016    65536.0       0.1  0.010          0.993591
615  4.391160    24.516112   5.233824     0.002837    65536.0       0.1  0.010          0.993591
616  4.273601    23.237385   4.973718     0.002664    65536.0       0.1  0.010          0.993568
617  4.161972    22.048484   4.726477     0.002505    65536.0       0.1  0.010          0.993576
618  4.057075    20.953129   4.493275     0.002351    65536.0       0.1  0.010          0.993614
619  3.958693    19.946043   4.274790     0.002204    65536.0       0.1  0.010          0.993629
620  3.866440    19.018110   4.068752     0.002070    65536.0       0.1  0.010          0.993599
621  3.779876    18.163614   3.876153     0.001944    65536.0       0.1  0.010          0.993629
622  3.699019    17.378942   3.696204     0.001827    65536.0       0.1  0.010          0.993614
623  3.623249    16.655750   3.527816     0.001717    65536.0       0.1  0.010          0.993584
624  3.553222    16.000384   3.374997     0.001619    65536.0       0.1  0.010          0.993629
625  3.488576    15.400669   3.230506     0.001525    65536.0       0.1  0.010          0.993668
626  3.427729    14.845605   3.096279     0.001439    65536.0       0.1  0.010          0.993668
627  3.371935    14.342174   2.972225     0.001359    65536.0       0.1  0.010          0.993721
628  3.320232    13.881369   2.857427     0.001286    65536.0       0.1  0.010          0.993729
629  3.271467    13.451688   2.749192     0.001219    65536.0       0.1  0.010          0.993721
630  3.226749    13.061914   2.650003     0.001157    65536.0       0.1  0.010          0.993683
631  3.184281    12.697799   2.558152     0.001099    65536.0       0.1  0.010          0.993675
632  3.144851    12.364206   2.474120     0.001049    65536.0       0.1  0.010          0.993652
633  3.108592    12.059030   2.395686     0.001001    65536.0       0.1  0.010          0.993652
634  3.075157    11.779316   2.322726     0.000957    65536.0       0.1  0.010          0.993652
635  3.044042    11.522215   2.256021     0.000916    65536.0       0.1  0.010          0.993675
636  3.014670    11.281355   2.193123     0.000814    65536.0       0.1  0.010          0.993675
637  2.987135    11.057606   2.134633     0.000784    65536.0       0.1  0.010          0.993645
638  2.961880    10.854678   2.081947     0.000756    65536.0       0.1  0.010          0.993629
639  2.937846    10.661854   2.030916     0.000729    65536.0       0.1  0.010          0.993607
640  2.915312    10.482718   1.983675     0.000705    65536.0       0.1  0.010          0.993591
641  2.894498    10.317489   1.939370     0.000682    65536.0       0.1  0.010          0.993614
642  2.874956    10.163666   1.898296     0.000660    65536.0       0.1  0.010          0.993584
643  2.856668    10.019785   1.859231     0.000640    65536.0       0.1  0.010          0.993584
644  2.839655     9.886262   1.822624     0.000622    65536.0       0.1  0.010          0.993614
645  2.823450     9.760258   1.788391     0.000605    65536.0       0.1  0.010          0.993607
646  2.807718     9.638299   1.755021     0.000589    65536.0       0.1  0.010          0.993568
647  2.793480     9.528753   1.725222     0.000573    65536.0       0.1  0.010          0.993568
648  2.780049     9.425947   1.697275     0.000559    65536.0       0.1  0.010          0.993568
649  2.767107     9.327321   1.670443     0.000546    65536.0       0.1  0.010          0.993591
650  6.824790    56.830815  10.253059     0.005938    65536.0       0.1  0.050          0.993492
651  5.898937    43.206845   8.409386     0.004851    65536.0       0.1  0.050          0.993553
652  5.076802    32.483196   6.709282     0.003797    65536.0       0.1  0.050          0.993523
653  4.382879    24.423569   5.213944     0.002822    65536.0       0.1  0.050          0.993576
654  3.834890    18.702516   3.996136     0.002020    65536.0       0.1  0.050          0.993546
655  3.428574    14.844923   3.089805     0.001428    65536.0       0.1  0.050          0.993736
656  3.140015    12.313816   2.454124     0.000951    65536.0       0.1  0.050          0.993752
657  2.938590    10.656671   2.021361     0.000720    65536.0       0.1  0.050          0.993713
658  2.800148     9.572216   1.731389     0.000573    65536.0       0.1  0.050          0.993690
659  2.708821     8.882585   1.544873     0.000480    65536.0       0.1  0.050          0.993683
660  2.650624     8.454565   1.428759     0.000425    65536.0       0.1  0.050          0.993690
661  2.616391     8.208086   1.362585     0.000396    65536.0       0.1  0.050          0.993515
662  2.599201     8.086827   1.330980     0.000384    65536.0       0.1  0.050          0.993492
663  2.594064     8.052888   1.323723     0.000384    65536.0       0.1  0.050          0.993530
664  2.597297     8.078959   1.333008     0.000392    65536.0       0.1  0.050          0.993538
665  2.605665     8.142464   1.352973     0.000405    65536.0       0.1  0.050          0.993561
666  2.617384     8.230196   1.379497     0.000422    65536.0       0.1  0.050          0.993584
667  2.630717     8.328821   1.408150     0.000440    65536.0       0.1  0.050          0.993607
668  2.643935     8.428164   1.437772     0.000458    65536.0       0.1  0.050          0.993584
669  2.656222     8.520921   1.465405     0.000475    65536.0       0.1  0.050          0.993591
670  2.666746     8.601573   1.490037     0.000491    65536.0       0.1  0.050          0.993629
671  2.674203     8.659772   1.508412     0.000503    65536.0       0.1  0.050          0.993622
672  2.678557     8.694680   1.520014     0.000512    65536.0       0.1  0.050          0.993614
673  2.679516     8.704118   1.524312     0.000517    65536.0       0.1  0.050          0.993622
674  2.676929     8.686660   1.520711     0.000517    65536.0       0.1  0.050          0.993614
675  2.670899     8.643786   1.510088     0.000513    65536.0       0.1  0.050          0.993614
676  2.661796     8.577423   1.492263     0.000506    65536.0       0.1  0.050          0.993629
677  2.649727     8.488578   1.467525     0.000495    65536.0       0.1  0.050          0.993584
678  2.635963     8.387522   1.439222     0.000481    65536.0       0.1  0.050          0.993553
679  2.621068     8.278380   1.408381     0.000466    65536.0       0.1  0.050          0.993546
680  2.605586     8.165044   1.375965     0.000450    65536.0       0.1  0.050          0.993515
681  2.590279     8.053155   1.343612     0.000433    65536.0       0.1  0.050          0.993515
682  2.575477     7.945121   1.312039     0.000418    65536.0       0.1  0.050          0.993477
683  2.562040     7.847232   1.283184     0.000404    65536.0       0.1  0.050          0.993477
684  2.549554     7.756075   1.255849     0.000389    65536.0       0.1  0.050          0.993492
685  2.538551     7.676617   1.232375     0.000377    65536.0       0.1  0.050          0.993484
686  2.529316     7.609743   1.212306     0.000367    65536.0       0.1  0.050          0.993500
687  2.521557     7.553495   1.195243     0.000359    65536.0       0.1  0.050          0.993507
688  2.515282     7.508075   1.181433     0.000351    65536.0       0.1  0.050          0.993492
689  2.510393     7.472750   1.170676     0.000346    65536.0       0.1  0.050          0.993469
690  2.506913     7.447477   1.162866     0.000342    65536.0       0.1  0.050          0.993454
691  2.504500     7.429600   1.157078     0.000338    65536.0       0.1  0.050          0.993446
692  2.503043     7.418586   1.153361     0.000336    65536.0       0.1  0.050          0.993446
693  2.502326     7.412828   1.151191     0.000335    65536.0       0.1  0.050          0.993446
694  2.501970     7.409903   1.150050     0.000334    65536.0       0.1  0.050          0.993431
695  2.502205     7.410948   1.149919     0.000333    65536.0       0.1  0.050          0.993439
696  2.502691     7.413763   1.150299     0.000333    65536.0       0.1  0.050          0.993439
697  2.503305     7.417500   1.150962     0.000333    65536.0       0.1  0.050          0.993439
698  2.503923     7.421258   1.151626     0.000333    65536.0       0.1  0.050          0.993431
699  2.504517     7.424895   1.152291     0.000333    65536.0       0.1  0.050          0.993431
700  6.824790    56.830815  10.253059     0.005938    65536.0       0.1  0.100          0.993492
701  5.075354    32.465295   6.706078     0.003794    65536.0       0.1  0.100          0.993515
702  3.824443    18.596361   3.969997     0.001997    65536.0       0.1  0.100          0.993568
703  3.123477    12.172212   2.416103     0.000930    65536.0       0.1  0.100          0.993736
704  2.780955     9.422398   1.688689     0.000549    65536.0       0.1  0.100          0.993736
705  2.636422     8.350840   1.400118     0.000411    65536.0       0.1  0.100          0.993637
706  2.602462     8.111420   1.338613     0.000388    65536.0       0.1  0.100          0.993523
707  2.631083     8.324715   1.402116     0.000428    65536.0       0.1  0.100          0.993546
708  2.695163     8.803703   1.539800     0.000503    65536.0       0.1  0.100          0.993599
709  2.776582     9.426902   1.717492     0.000603    65536.0       0.1  0.100          0.993652
710  2.855381    10.048774   1.895574     0.000704    65536.0       0.1  0.100          0.993637
711  2.915407    10.533732   2.034131     0.000786    65536.0       0.1  0.100          0.993652
712  2.942925    10.763831   2.103026     0.000830    65536.0       0.1  0.100          0.993698
713  2.933363    10.694951   2.090334     0.000829    65536.0       0.1  0.100          0.993683
714  2.892332    10.369832   2.004248     0.000786    65536.0       0.1  0.100          0.993660
715  2.831562     9.889251   1.871508     0.000717    65536.0       0.1  0.100          0.993622
716  2.762613     9.351238   1.719208     0.000638    65536.0       0.1  0.100          0.993614
717  2.695220     8.835809   1.571599     0.000560    65536.0       0.1  0.100          0.993538
718  2.637355     8.401446   1.445803     0.000495    65536.0       0.1  0.100          0.993507
719  2.591625     8.064124   1.347606     0.000445    65536.0       0.1  0.100          0.993469
720  2.558803     7.825505   1.278032     0.000409    65536.0       0.1  0.100          0.993469
721  2.537468     7.671666   1.232924     0.000386    65536.0       0.1  0.100          0.993454
722  2.526260     7.590415   1.208427     0.000374    65536.0       0.1  0.100          0.993469
723  2.522663     7.563873   1.200044     0.000368    65536.0       0.1  0.100          0.993454
724  2.524950     7.579390   1.204016     0.000369    65536.0       0.1  0.100          0.993454
725  2.530531     7.617563   1.213974     0.000372    65536.0       0.1  0.100          0.993454
726  2.538062     7.669195   1.227435     0.000376    65536.0       0.1  0.100          0.993439
727  2.546277     7.726271   1.242746     0.000381    65536.0       0.1  0.100          0.993416
728  2.554092     7.780550   1.257167     0.000386    65536.0       0.1  0.100          0.993423
729  2.561034     7.827852   1.268955     0.000389    65536.0       0.1  0.100          0.993446
730  2.565471     7.858088   1.276447     0.000390    65536.0       0.1  0.100          0.993446
731  2.567671     7.872534   1.279601     0.000390    65536.0       0.1  0.100          0.993439
732  2.567414     7.869531   1.277918     0.000387    65536.0       0.1  0.100          0.993446
733  2.565040     7.851308   1.271879     0.000382    65536.0       0.1  0.100          0.993439
734  2.560492     7.818453   1.262332     0.000375    65536.0       0.1  0.100          0.993416
735  2.554806     7.776940   1.249906     0.000368    65536.0       0.1  0.100          0.993423
736  2.548124     7.728661   1.235727     0.000360    65536.0       0.1  0.100          0.993423
737  2.541051     7.677967   1.221028     0.000353    65536.0       0.1  0.100          0.993431
738  2.534068     7.627997   1.206497     0.000345    65536.0       0.1  0.100          0.993439
739  2.527444     7.581150   1.193176     0.000339    65536.0       0.1  0.100          0.993431
740  2.521769     7.540932   1.181614     0.000334    65536.0       0.1  0.100          0.993423
741  2.517149     7.508396   1.172357     0.000330    65536.0       0.1  0.100          0.993416
742  2.513670     7.484029   1.165492     0.000327    65536.0       0.1  0.100          0.993416
743  2.511115     7.466233   1.160532     0.000326    65536.0       0.1  0.100          0.993393
744  2.509690     7.456743   1.158200     0.000325    65536.0       0.1  0.100          0.993401
745  2.508994     7.452327   1.157274     0.000326    65536.0       0.1  0.100          0.993423
746  2.508829     7.451410   1.157186     0.000327    65536.0       0.1  0.100          0.993439
747  2.508714     7.451159   1.157511     0.000328    65536.0       0.1  0.100          0.993439
748  2.508727     7.451793   1.158083     0.000329    65536.0       0.1  0.100          0.993454
749  2.508618     7.451404   1.158242     0.000329    65536.0       0.1  0.100          0.993454
