         ThreadNr.             Alpha            Energy     EnergySquared          Variance           BootVar       BlockingVar   AcceptanceRatio        TotalSteps        StepLength
                 1              0.35         106.58959         11376.522         15.181128                 0                 0         0.8215723           2097152                 1
                 2               0.2         145.02884         21142.348         108.98418                 0                 0        0.86460686           2097152                 1
                 6               0.4         102.51994         10516.473         6.1346152                 0                 0        0.80917978           2097152                 1
                 4              0.55          100.5112         10104.394         1.8912458                 0                 0         0.7780304           2097152                 1
                 7               0.5         100.00193         10001.191        0.80480562                 0                 0        0.78842402           2097152                 1
                 5               0.3         113.40507         12890.181         29.471336                 0                 0        0.83490276           2097152                 1
                 0              0.25         125.07465         15700.614         56.946341                 0                 0        0.84852123           2097152                 1
                 3              0.45         100.57042         10116.519          2.110017                 0                 0        0.79883814           2097152                 1
                 1               0.6         101.73385         10354.115         4.3390694                 0                 0        0.76787806           2097152                 1
                 6               0.7         105.77272         11200.723           12.8552                 0                 0        0.75037193           2097152                 1
                 4              0.75         108.38704         11766.448         18.698592                 0                 0        0.74238253           2097152                 1
                 7               0.8           111.143          12378.31         25.544273                 0                 0        0.73407316           2097152                 1
                 2              0.65         103.42111         10704.452         8.5262178                 0                 0        0.75946856           2097152                 1
                 0               0.9         117.68567         13889.492         39.575283                 0                 0        0.71786833           2097152                 1
                 5              0.85         114.45562         13132.338         32.249688                 0                 0         0.7271409           2097152                 1
                 3              0.95         121.52722         14816.149         47.283752                 0                 0        0.71123409           2097152                 1


Time elpased for 8 thread(s): 4472.73
