         ThreadNr.             Alpha            Energy     EnergySquared          Variance           BootVar       BlockingVar   AcceptanceRatio        TotalSteps        StepLength
                 5              0.25         1.2480687         2.1167634        0.55908806                 0                 0        0.84855223           2097152                 1
                 6              0.55         1.0045921         1.0183069       0.009101513                 0                 0        0.77798033           2097152                 1
                 2              0.45         1.0053601         1.0217493       0.011000392                 0                 0        0.79797602           2097152                 1
                 1              0.35         1.0655215         1.2695078        0.13417172                 0                 0        0.82133245           2097152                 1
                 3               0.5         1.0000004         1.0000008     7.5810681e-08                 0                 0        0.78750896           2097152                 1
                 7               0.3         1.1343775         1.5717498         0.2849374                 0                 0        0.83430433           2097152                 1
                 4               0.2         1.4510005         3.2062831         1.1008808                 0                 0        0.86425591           2097152                 1
                 0               0.4         1.0264884         1.1048963       0.051217885                 0                 0        0.80886316           2097152                 1
                 5               0.6         1.0154625          1.065258       0.034093807                 0                 0        0.76786947           2097152                 1
                 2               0.7         1.0568727         1.2355271        0.11854722                 0                 0            0.7507           2097152                 1
                 6              0.65         1.0344804         1.1401796       0.070029797                 0                 0        0.75934553           2097152                 1
                 1              0.75         1.0818111         1.3455467        0.17523146                 0                 0        0.74227047           2097152                 1
                 3               0.8         1.1124857         1.4764953        0.23887077                 0                 0        0.73413849           2097152                 1
                 7              0.85         1.1455943         1.6200894        0.30770295                 0                 0        0.72679043           2097152                 1
                 4               0.9         1.1767041         1.7731295        0.38849706                 0                 0        0.71919823           2097152                 1
                 0              0.95         1.2140403         1.9434151        0.46952116                 0                 0        0.71165657           2097152                 1


Time elpased for 8 thread(s): 4.00964
