         ThreadNr.             Alpha            Energy     EnergySquared          Variance           BootVar       BlockingVar   AcceptanceRatio        TotalSteps        StepLength
                 2               0.2         14.591148         224.14576         11.244169                 0                 0        0.86387205           2097152                 1
                 6              0.25          12.49798          161.9509         5.7513898                 0                 0        0.84882069           2097152                 1
                 5              0.45         10.056733         101.24782        0.10994673                 0                 0        0.79797125           2097152                 1
                 1              0.55         10.048525         101.06255       0.089707265                 0                 0          0.777771           2097152                 1
                 7              0.35         10.625979         114.23928         1.3278473                 0                 0        0.82125664           2097152                 1
                 4               0.4         10.264553         105.87575        0.51470583                 0                 0         0.8089385           2097152                 1
                 3               0.3         11.299821         130.50631         2.8203516                 0                 0        0.83467436           2097152                 1
                 0               0.5         10.000011         100.00036     0.00013125785                 0                 0        0.78787565           2097152                 1
                 2               0.6          10.16741         103.71144        0.33520925                 0                 0         0.7685523           2097152                 1
                 5               0.7         10.564693         112.78428         1.1715384                 0                 0         0.7502594           2097152                 1
                 1              0.75         10.834051         119.11748         1.7408107                 0                 0        0.74235916           2097152                 1
                 6              0.65         10.339937         107.62956        0.71525965                 0                 0        0.75872898           2097152                 1
                 3               0.9          11.79078          142.9023         3.8797999                 0                 0        0.71885681           2097152                 1
                 4              0.85         11.477637         134.79322         3.0570741                 0                 0        0.72594166           2097152                 1
                 7               0.8         11.111857         125.88342         2.4100472                 0                 0        0.73491383           2097152                 1
                 0              0.95         12.142172         152.16505         4.7327115                 0                 0        0.71192265           2097152                 1


Time elpased for 8 thread(s): 64.5165
