         ThreadNr.             Alpha            Energy     EnergySquared          Variance           BootVar       BlockingVar   AcceptanceRatio        TotalSteps        StepLength
                 4               0.4        0.51236687        0.28787435        0.02535454                 0                 0        0.87496519           2097152                 1
                 1              0.35         0.5321779        0.34996058       0.066747259                 0                 0        0.88277197           2097152                 1
                 0               0.3         0.5657503        0.46067602        0.14060262                 0                 0         0.8914175           2097152                 1
                 3               0.2        0.72282967         1.0697294        0.54724662                 0                 0        0.91134739           2097152                 1
                 5              0.25        0.62609227        0.67684928        0.28485774                 0                 0        0.90089893           2097152                 1
                 6              0.45        0.50278313        0.25833393      0.0055430542                 0                 0        0.86711407           2097152                 1
                 2               0.5               0.5              0.25                 0                 0                 0        0.86051226           2097152                 1
                 7              0.55        0.50173106        0.25639922      0.0046651617                 0                 0        0.85273743           2097152                 1
                 4               0.6        0.50801219         0.2750426        0.01696621                 0                 0        0.84727716           2097152                 1
                 1              0.65        0.51614962        0.30242166       0.036011232                 0                 0        0.84120703           2097152                 1
                 0               0.7        0.52866371        0.33841648       0.058931162                 0                 0        0.83559322           2097152                 1
                 3              0.75        0.54162704        0.37969456       0.086334704                 0                 0        0.82992506           2097152                 1
                 5               0.8        0.55512764          0.428598         0.1204313                 0                 0        0.82433224           2097152                 1
                 2               0.9         0.5884665        0.54081581          0.194523                 0                 0        0.81431103           2097152                 1
                 7              0.95        0.60536442        0.60383124        0.23736516                 0                 0        0.80961895           2097152                 1
                 6              0.85         0.5732513        0.48171601        0.15309895                 0                 0        0.81933737           2097152                 1


Time elpased for 8 thread(s): 1.25573
