         ThreadNr.             Alpha            Energy     EnergySquared          Variance           BootVar       BlockingVar   AcceptanceRatio        TotalSteps        StepLength
                 4              0.25         6.2532821         41.912077           2.80854                 0                 0        0.90119362           2097152                 1
                 2              0.45         5.0283625         25.339527       0.055097818                 0                 0        0.86729813           2097152                 1
                 3               0.5                 5                25                 0                 0                 0         0.8606596           2097152                 1
                 0               0.2         7.2913792         58.706192         5.5419815                 0                 0        0.91042709           2097152                 1
                 1               0.3         5.6857467         33.793848         1.4661327                 0                 0        0.89092302           2097152                 1
                 6               0.4         5.1261308         26.525142        0.24792578                 0                 0         0.8747673           2097152                 1
                 7              0.55         5.0215821         25.262038       0.045751192                 0                 0        0.85361147           2097152                 1
                 5              0.35         5.3112717         28.874727        0.66512081                 0                 0        0.88285923           2097152                 1
                 2              0.65         5.1722378         27.097967         0.3459233                 0                 0        0.84112597           2097152                 1
                 4               0.6         5.0843795         26.017559        0.16664362                 0                 0         0.8472724           2097152                 1
                 0              0.75         5.4207457         30.248564        0.86408028                 0                 0        0.82973528           2097152                 1
                 3               0.7         5.2889328         28.561638        0.58882827                 0                 0        0.83553886           2097152                 1
                 5              0.95         6.0684127         39.156349         2.3307163                 0                 0        0.80906296           2097152                 1
                 7               0.9         5.8741319         36.473375         1.9679486                 0                 0        0.81393766           2097152                 1
                 1               0.8         5.5737624         32.231807         1.1649794                 0                 0        0.82437801           2097152                 1
                 6              0.85         5.7252708         34.335339         1.5566124                 0                 0        0.81928253           2097152                 1


Time elpased for 8 thread(s): 4.38283
