         ThreadNr.             Alpha            Energy     EnergySquared          Variance           BootVar       BlockingVar   AcceptanceRatio        TotalSteps        StepLength
                 1               0.4          256.3371         65722.711         14.002043                 0                 0        0.87486076           2097152                 1
                 3              0.55         251.16141         63084.163         2.1096318                 0                 0        0.85377979           2097152                 1
                 7              0.35         266.14737          70869.28          34.85699                 0                 0        0.88249493           2097152                 1
                 4               0.2         362.75356         131839.42         249.27172                 0                 0         0.9109273           2097152                 1
                 6              0.45         251.33224         63170.605          2.707812                 0                 0        0.86767483           2097152                 1
                 2               0.5               250             62500                 0                 0                 0        0.86056232           2097152                 1
                 0              0.25         312.93117          98098.51         172.59132                 0                 0        0.90071917           2097152                 1
                 5               0.3         283.84575         80638.411         70.004053                 0                 0        0.89140081           2097152                 1
                 1               0.6         254.12293         64587.227         8.7625043                 0                 0        0.84723425           2097152                 1
                 6               0.8         278.42731         77577.695         55.929391                 0                 0        0.82458401           2097152                 1
                 7               0.7         263.98971         69719.777         29.210628                 0                 0        0.83510399           2097152                 1
                 2              0.85         285.71511         81713.154         80.030459                 0                 0        0.81982183           2097152                 1
                 3              0.65         258.48718         66833.873         18.250569                 0                 0        0.84075737           2097152                 1
                 0               0.9         295.27197         87275.551         90.013188                 0                 0        0.81430197           2097152                 1
                 4              0.75         270.77335         73360.855         42.648534                 0                 0        0.82989883           2097152                 1
                 5              0.95          303.5721         92268.463         112.44407                 0                 0         0.8092494           2097152                 1


Time elpased for 8 thread(s): 173.493
