         ThreadNr.             Alpha            Energy     EnergySquared          Variance           BootVar       BlockingVar   AcceptanceRatio        TotalSteps        StepLength
                 3               0.5                50              2500                 0                 0                 0        0.86049938           2097152                 1
                 0               0.2         72.442395         5304.8558          56.95519                 0                 0        0.91113806           2097152                 1
                 5               0.3         56.602577         3217.4805         13.628709                 0                 0        0.89114761           2097152                 1
                 6               0.4         51.290193         2633.1228         2.4388692                 0                 0        0.87459373           2097152                 1
                 2              0.25         62.801341         3973.1979          29.18944                 0                 0        0.90048647           2097152                 1
                 1              0.45         50.285503         2529.2134        0.58154648                 0                 0        0.86711073           2097152                 1
                 4              0.55         50.232758         2523.7847        0.45479733                 0                 0        0.85388374           2097152                 1
                 7              0.35         53.212177         2838.2479         6.7121663                 0                 0        0.88284731           2097152                 1
                 3               0.6         50.838285         2586.2916         1.7603453                 0                 0        0.84754801           2097152                 1
                 0              0.65         51.731595         2679.8049         3.6469573                 0                 0         0.8409605           2097152                 1
                 5               0.7         52.818516         2795.7201         5.9244977                 0                 0        0.83553171           2097152                 1
                 2               0.8         55.705968         3114.7099          11.55497                 0                 0        0.82472229           2097152                 1
                 6              0.75         54.112214         2936.7901         8.6583569                 0                 0        0.82986832           2097152                 1
                 1              0.85         57.070143         3272.3763         15.375054                 0                 0        0.81894445           2097152                 1
                 7              0.95         60.615892         3697.7807         23.494301                 0                 0        0.80939388           2097152                 1
                 4               0.9          58.96638         3495.4343         18.400327                 0                 0        0.81419611           2097152                 1


Time elpased for 8 thread(s): 35.7702
