         ThreadNr.             Alpha            Energy     EnergySquared          Variance           BootVar       BlockingVar   AcceptanceRatio        TotalSteps        StepLength
                 2               0.5               100             10000                 0                 0                 0        0.78770542           2097152                 1
                 6              0.55         100.41664         10084.387        0.88507627                 0                 0        0.77757835           2097152                 1
                 3              0.35         106.52746         11361.133         13.033063                 0                 0        0.82129717           2097152                 1
                 0              0.25         125.23409         15744.382         60.805459                 0                 0        0.84889889           2097152                 1
                 1              0.45         100.57752         10117.006         1.1696487                 0                 0        0.79756451           2097152                 1
                 5               0.3          113.4027         12886.645         26.472957                 0                 0        0.83458757           2097152                 1
                 7               0.4         102.38334         10487.316         4.9676989                 0                 0        0.80963755           2097152                 1
                 4               0.2         145.07415         21164.019         117.51096                 0                 0        0.86464453           2097152                 1
                 6              0.65         103.60665         10741.228         6.8901325                 0                 0        0.75954199           2097152                 1
                 2               0.6         101.69588         10345.436          3.384464                 0                 0        0.76840448           2097152                 1
                 3               0.7         105.75106         11195.722         12.434463                 0                 0        0.75110579           2097152                 1
                 1               0.8          111.0197         12349.893         24.518898                 0                 0        0.73428154           2097152                 1
                 0              0.75         108.57061         11804.855          17.27826                 0                 0        0.74270201           2097152                 1
                 5              0.85         114.33163         13102.389         30.666968                 0                 0        0.72638369           2097152                 1
                 4              0.95           121.232         14743.254         46.056173                 0                 0        0.71189594           2097152                 1
                 7               0.9         117.72297          13896.99         38.292644                 0                 0        0.71844387           2097152                 1


Time elpased for 8 thread(s): 36.3647
