         ThreadNr.             Alpha            Energy     EnergySquared          Variance           BootVar       BlockingVar   AcceptanceRatio        TotalSteps        StepLength
                 2              0.45         10.060689         101.32654        0.10906838                 0                 0        0.79811573           2097152                 1
                 7               0.5                10               100                 0                 0                 0        0.78792191           2097152                 1
                 3               0.3         11.359026         131.87424         2.8467567                 0                 0        0.83429623           2097152                 1
                 6              0.55         10.043887         100.97209       0.092429517                 0                 0        0.77787161           2097152                 1
                 5              0.25         12.523788         162.40471         5.5594455                 0                 0        0.84879303           2097152                 1
                 4              0.35         10.639359         114.50568         1.3097107                 0                 0        0.82139587           2097152                 1
                 1               0.4         10.247386         105.50567        0.49673927                 0                 0        0.80949688           2097152                 1
                 0               0.2         14.557424         223.18292         11.264319                 0                 0        0.86385536           2097152                 1
                 3               0.7         10.571431         112.93608         1.1809313                 0                 0        0.75017309           2097152                 1
                 2               0.6         10.167743         103.71994        0.33694355                 0                 0        0.76818514           2097152                 1
                 5               0.8         11.134893         126.35447           2.36864                 0                 0        0.73443365           2097152                 1
                 4              0.85         11.432233         133.77391         3.0779706                 0                 0        0.72621965           2097152                 1
                 1               0.9         11.738402         141.77323         3.9831553                 0                 0        0.71862984           2097152                 1
                 7              0.65         10.337811         107.57796        0.70761542                 0                 0        0.75929356           2097152                 1
                 6              0.75         10.830001         119.01436         1.7254463                 0                 0         0.7421031           2097152                 1
                 0              0.95         12.135656          151.9839         4.7097613                 0                 0         0.7118535           2097152                 1


Time elpased for 8 thread(s): 6.45996
