         ThreadNr.             Alpha            Energy     EnergySquared          Variance           BootVar       BlockingVar   AcceptanceRatio        TotalSteps        StepLength
                 2               0.5                 1                 1                 0                 0                 0        0.78769922           2097152                 1
                 7               0.3         1.1312506         1.5619104        0.28218257                 0                 0         0.8344903           2097152                 1
                 3               0.2         1.4493505         3.2171296         1.1165127                 0                 0        0.86443567           2097152                 1
                 5              0.55         1.0047641          1.018607      0.0090561691                 0                 0        0.77765036           2097152                 1
                 4               0.4         1.0237815         1.0983086       0.050180086                 0                 0        0.80972958           2097152                 1
                 6              0.45         1.0053144         1.0217412       0.011084151                 0                 0        0.79832745           2097152                 1
                 1              0.35         1.0657371         1.2688242        0.13302875                 0                 0        0.82115126           2097152                 1
                 0              0.25         1.2509237         2.1311301        0.56631989                 0                 0        0.84863377           2097152                 1
                 2               0.6         1.0169151          1.067758       0.033641716                 0                 0        0.76854324           2097152                 1
                 7              0.65         1.0354311         1.1420569       0.069939363                 0                 0        0.75956631           2097152                 1
                 3               0.7         1.0569473         1.2351442        0.11800672                 0                 0        0.75033331           2097152                 1
                 5              0.75         1.0824648         1.3456667        0.17393651                 0                 0        0.74211645           2097152                 1
                 4               0.8          1.113069         1.4760476        0.23712499                 0                 0        0.73425817           2097152                 1
                 6              0.85         1.1427057         1.6159362        0.31015976                 0                 0        0.72642946           2097152                 1
                 1               0.9          1.176933         1.7730392        0.38786783                 0                 0        0.71920681           2097152                 1
                 0              0.95         1.2146498          1.945259        0.46988497                 0                 0        0.71183777           2097152                 1


Time elpased for 8 thread(s): 1.96514
