         ThreadNr.             Alpha            Energy     EnergySquared          Variance           BootVar       BlockingVar   AcceptanceRatio        TotalSteps        StepLength
                 2               0.5               500            250000                 0                 0                 0        0.78766203           2097152                 1
                 7              0.55          502.1336         252142.78         4.6260195                 0                 0        0.77793741           2097152                 1
                 3               0.3         567.96969         322722.92         133.35533                 0                 0         0.8343749           2097152                 1
                 1              0.45         502.87763         252891.56         5.6449316                 0                 0        0.79798031           2097152                 1
                 6               0.2          725.3606         526691.94         543.93212                 0                 0        0.86456966           2097152                 1
                 5               0.4         511.81008         261972.96         23.396049                 0                 0        0.80988884           2097152                 1
                 4              0.35         532.16907         283262.81         58.885534                 0                 0        0.82112169           2097152                 1
                 7              0.65           517.765         268113.03         32.436471                 0                 0        0.75910139           2097152                 1
                 2               0.6         508.41797         258504.45         15.618488                 0                 0        0.76798677           2097152                 1
                 3               0.7         527.90839          278745.8         58.538432                 0                 0        0.75038671           2097152                 1
                 0              0.25         624.77629         390634.96         289.54489                 0                 0         0.8488574           2097152                 1
                 1              0.75         542.03809         293893.92          88.63385                 0                 0        0.74275351           2097152                 1
                 5              0.85         570.65543         325791.96         144.33732                 0                 0        0.72617435           2097152                 1
                 6               0.8         556.44464         309767.76         137.12363                 0                 0        0.73453856           2097152                 1
                 7              0.95         608.35828         370325.07         225.27316                 0                 0        0.71187162           2097152                 1
                 4               0.9         588.59907         346666.17         217.30025                 0                 0        0.71866703           2097152                 1


Time elpased for 8 thread(s): 176.415
