       Energy  Energy_sqrd      QuantVar   BlockingVar   MCcycles  TimeStep    Eta  AcceptanceRation
0    6.366994    45.213516  4.674900e+00  4.306008e-03    16384.0       0.1  0.001          0.980011
1    2.075655     4.395219  8.687590e-02  7.565820e-05    16384.0       0.1  0.001          0.979980
2    2.000994     4.007023  3.045970e-03  2.594485e-06    16384.0       0.1  0.001          0.979797
3    1.999705     3.998939  1.184482e-04  1.007592e-07    16384.0       0.1  0.001          0.979767
4    1.999922     3.999694  4.657492e-06  3.961299e-09    16384.0       0.1  0.001          0.979767
5    1.999984     3.999936  1.834812e-07  1.560520e-10    16384.0       0.1  0.001          0.979767
6    1.999997     3.999987  7.230833e-09  6.149915e-12    16384.0       0.1  0.001          0.979767
7    1.999999     3.999997  2.849410e-10  2.423831e-13    16384.0       0.1  0.001          0.979767
8    2.000000     3.999999  1.125633e-11  9.553054e-15    16384.0       0.1  0.001          0.979767
9    2.000000     4.000000  4.365397e-13  3.765161e-16    16384.0       0.1  0.001          0.979767
10   2.000000     4.000000  1.421085e-14  1.483970e-17    16384.0       0.1  0.001          0.979767
11   2.000000     4.000000  4.973799e-14  5.848803e-19    16384.0       0.1  0.001          0.979767
12   0.000000     0.000000  0.000000e+00  0.000000e+00        0.0       0.0  0.000          0.000000
13   0.000000     0.000000  0.000000e+00  0.000000e+00        0.0       0.0  0.000          0.000000
14   0.000000     0.000000  0.000000e+00  0.000000e+00        0.0       0.0  0.000          0.000000
15   0.000000     0.000000  0.000000e+00  0.000000e+00        0.0       0.0  0.000          0.000000
16   0.000000     0.000000  0.000000e+00  0.000000e+00        0.0       0.0  0.000          0.000000
17   0.000000     0.000000  0.000000e+00  0.000000e+00        0.0       0.0  0.000          0.000000
18   0.000000     0.000000  0.000000e+00  0.000000e+00        0.0       0.0  0.000          0.000000
19   0.000000     0.000000  0.000000e+00  0.000000e+00        0.0       0.0  0.000          0.000000
20   0.000000     0.000000  0.000000e+00  0.000000e+00        0.0       0.0  0.000          0.000000
21   0.000000     0.000000  0.000000e+00  0.000000e+00        0.0       0.0  0.000          0.000000
22   0.000000     0.000000  0.000000e+00  0.000000e+00        0.0       0.0  0.000          0.000000
23   0.000000     0.000000  0.000000e+00  0.000000e+00        0.0       0.0  0.000          0.000000
24   0.000000     0.000000  0.000000e+00  0.000000e+00        0.0       0.0  0.000          0.000000
25   0.000000     0.000000  0.000000e+00  0.000000e+00        0.0       0.0  0.000          0.000000
26   0.000000     0.000000  0.000000e+00  0.000000e+00        0.0       0.0  0.000          0.000000
27   0.000000     0.000000  0.000000e+00  0.000000e+00        0.0       0.0  0.000          0.000000
28   0.000000     0.000000  0.000000e+00  0.000000e+00        0.0       0.0  0.000          0.000000
29   0.000000     0.000000  0.000000e+00  0.000000e+00        0.0       0.0  0.000          0.000000
30   0.000000     0.000000  0.000000e+00  0.000000e+00        0.0       0.0  0.000          0.000000
31   0.000000     0.000000  0.000000e+00  0.000000e+00        0.0       0.0  0.000          0.000000
32   0.000000     0.000000  0.000000e+00  0.000000e+00        0.0       0.0  0.000          0.000000
33   0.000000     0.000000  0.000000e+00  0.000000e+00        0.0       0.0  0.000          0.000000
34   0.000000     0.000000  0.000000e+00  0.000000e+00        0.0       0.0  0.000          0.000000
35   0.000000     0.000000  0.000000e+00  0.000000e+00        0.0       0.0  0.000          0.000000
36   0.000000     0.000000  0.000000e+00  0.000000e+00        0.0       0.0  0.000          0.000000
37   0.000000     0.000000  0.000000e+00  0.000000e+00        0.0       0.0  0.000          0.000000
38   0.000000     0.000000  0.000000e+00  0.000000e+00        0.0       0.0  0.000          0.000000
39   0.000000     0.000000  0.000000e+00  0.000000e+00        0.0       0.0  0.000          0.000000
40   0.000000     0.000000  0.000000e+00  0.000000e+00        0.0       0.0  0.000          0.000000
41   0.000000     0.000000  0.000000e+00  0.000000e+00        0.0       0.0  0.000          0.000000
42   0.000000     0.000000  0.000000e+00  0.000000e+00        0.0       0.0  0.000          0.000000
43   0.000000     0.000000  0.000000e+00  0.000000e+00        0.0       0.0  0.000          0.000000
44   0.000000     0.000000  0.000000e+00  0.000000e+00        0.0       0.0  0.000          0.000000
45   0.000000     0.000000  0.000000e+00  0.000000e+00        0.0       0.0  0.000          0.000000
46   0.000000     0.000000  0.000000e+00  0.000000e+00        0.0       0.0  0.000          0.000000
47   0.000000     0.000000  0.000000e+00  0.000000e+00        0.0       0.0  0.000          0.000000
48   0.000000     0.000000  0.000000e+00  0.000000e+00        0.0       0.0  0.000          0.000000
49   0.000000     0.000000  0.000000e+00  0.000000e+00        0.0       0.0  0.000          0.000000
50   6.366994    45.213516  4.674900e+00  4.306008e-03    16384.0       0.1  0.005          0.980011
51   2.065173     4.340258  7.532041e-02  6.546309e-05    16384.0       0.1  0.005          0.979950
52   2.000609     4.004924  2.488460e-03  2.119169e-06    16384.0       0.1  0.005          0.979797
53   1.999724     3.998989  9.105617e-05  7.745494e-08    16384.0       0.1  0.005          0.979767
54   1.999933     3.999734  3.370340e-06  2.866601e-09    16384.0       0.1  0.005          0.979767
55   1.999987     3.999946  1.250013e-07  1.063220e-10    16384.0       0.1  0.005          0.979767
56   1.999997     3.999990  4.637969e-09  3.945151e-12    16384.0       0.1  0.005          0.979767
57   1.999999     3.999998  1.720828e-10  1.464005e-13    16384.0       0.1  0.005          0.979767
58   2.000000     4.000000  6.453504e-12  5.432882e-15    16384.0       0.1  0.005          0.979767
59   2.000000     4.000000  2.664535e-13  2.016141e-16    16384.0       0.1  0.005          0.979767
60   2.000000     4.000000 -5.817569e-14  7.481922e-18    16384.0       0.1  0.005          0.979767
61   2.000000     4.000000 -5.329071e-15  2.776559e-19    16384.0       0.1  0.005          0.979767
62   0.000000     0.000000  0.000000e+00  0.000000e+00        0.0       0.0  0.000          0.000000
63   0.000000     0.000000  0.000000e+00  0.000000e+00        0.0       0.0  0.000          0.000000
64   0.000000     0.000000  0.000000e+00  0.000000e+00        0.0       0.0  0.000          0.000000
65   0.000000     0.000000  0.000000e+00  0.000000e+00        0.0       0.0  0.000          0.000000
66   0.000000     0.000000  0.000000e+00  0.000000e+00        0.0       0.0  0.000          0.000000
67   0.000000     0.000000  0.000000e+00  0.000000e+00        0.0       0.0  0.000          0.000000
68   0.000000     0.000000  0.000000e+00  0.000000e+00        0.0       0.0  0.000          0.000000
69   0.000000     0.000000  0.000000e+00  0.000000e+00        0.0       0.0  0.000          0.000000
70   0.000000     0.000000  0.000000e+00  0.000000e+00        0.0       0.0  0.000          0.000000
71   0.000000     0.000000  0.000000e+00  0.000000e+00        0.0       0.0  0.000          0.000000
72   0.000000     0.000000  0.000000e+00  0.000000e+00        0.0       0.0  0.000          0.000000
73   0.000000     0.000000  0.000000e+00  0.000000e+00        0.0       0.0  0.000          0.000000
74   0.000000     0.000000  0.000000e+00  0.000000e+00        0.0       0.0  0.000          0.000000
75   0.000000     0.000000  0.000000e+00  0.000000e+00        0.0       0.0  0.000          0.000000
76   0.000000     0.000000  0.000000e+00  0.000000e+00        0.0       0.0  0.000          0.000000
77   0.000000     0.000000  0.000000e+00  0.000000e+00        0.0       0.0  0.000          0.000000
78   0.000000     0.000000  0.000000e+00  0.000000e+00        0.0       0.0  0.000          0.000000
79   0.000000     0.000000  0.000000e+00  0.000000e+00        0.0       0.0  0.000          0.000000
80   0.000000     0.000000  0.000000e+00  0.000000e+00        0.0       0.0  0.000          0.000000
81   0.000000     0.000000  0.000000e+00  0.000000e+00        0.0       0.0  0.000          0.000000
82   0.000000     0.000000  0.000000e+00  0.000000e+00        0.0       0.0  0.000          0.000000
83   0.000000     0.000000  0.000000e+00  0.000000e+00        0.0       0.0  0.000          0.000000
84   0.000000     0.000000  0.000000e+00  0.000000e+00        0.0       0.0  0.000          0.000000
85   0.000000     0.000000  0.000000e+00  0.000000e+00        0.0       0.0  0.000          0.000000
86   0.000000     0.000000  0.000000e+00  0.000000e+00        0.0       0.0  0.000          0.000000
87   0.000000     0.000000  0.000000e+00  0.000000e+00        0.0       0.0  0.000          0.000000
88   0.000000     0.000000  0.000000e+00  0.000000e+00        0.0       0.0  0.000          0.000000
89   0.000000     0.000000  0.000000e+00  0.000000e+00        0.0       0.0  0.000          0.000000
90   0.000000     0.000000  0.000000e+00  0.000000e+00        0.0       0.0  0.000          0.000000
91   0.000000     0.000000  0.000000e+00  0.000000e+00        0.0       0.0  0.000          0.000000
92   0.000000     0.000000  0.000000e+00  0.000000e+00        0.0       0.0  0.000          0.000000
93   0.000000     0.000000  0.000000e+00  0.000000e+00        0.0       0.0  0.000          0.000000
94   0.000000     0.000000  0.000000e+00  0.000000e+00        0.0       0.0  0.000          0.000000
95   0.000000     0.000000  0.000000e+00  0.000000e+00        0.0       0.0  0.000          0.000000
96   0.000000     0.000000  0.000000e+00  0.000000e+00        0.0       0.0  0.000          0.000000
97   0.000000     0.000000  0.000000e+00  0.000000e+00        0.0       0.0  0.000          0.000000
98   0.000000     0.000000  0.000000e+00  0.000000e+00        0.0       0.0  0.000          0.000000
99   0.000000     0.000000  0.000000e+00  0.000000e+00        0.0       0.0  0.000          0.000000
100  6.366994    45.213516  4.674900e+00  4.306008e-03    16384.0       0.1  0.010          0.980011
101  2.053108     4.277539  6.228654e-02  5.397155e-05    16384.0       0.1  0.010          0.979828
102  2.000229     4.002819  1.903287e-03  1.620465e-06    16384.0       0.1  0.010          0.979797
103  1.999751     3.999069  6.436558e-05  5.474895e-08    16384.0       0.1  0.010          0.979767
104  1.999944     3.999779  2.203098e-06  1.873872e-09    16384.0       0.1  0.010          0.979767
105  1.999989     3.999957  7.557512e-08  6.428802e-11    16384.0       0.1  0.010          0.979767
106  1.999998     3.999992  2.593724e-09  2.206637e-12    16384.0       0.1  0.010          0.979767
107  2.000000     3.999999  8.899415e-11  7.574943e-14    16384.0       0.1  0.010          0.979767
108  2.000000     4.000000  3.017586e-12  2.600411e-15    16384.0       0.1  0.010          0.979767
109  2.000000     4.000000  8.126833e-14  8.927125e-17    16384.0       0.1  0.010          0.979767
110  2.000000     4.000000  1.865175e-14  3.064692e-18    16384.0       0.1  0.010          0.979767
111  2.000000     4.000000 -3.108624e-15  1.052125e-19    16384.0       0.1  0.010          0.979767
112  0.000000     0.000000  0.000000e+00  0.000000e+00        0.0       0.0  0.000          0.000000
113  0.000000     0.000000  0.000000e+00  0.000000e+00        0.0       0.0  0.000          0.000000
114  0.000000     0.000000  0.000000e+00  0.000000e+00        0.0       0.0  0.000          0.000000
115  0.000000     0.000000  0.000000e+00  0.000000e+00        0.0       0.0  0.000          0.000000
116  0.000000     0.000000  0.000000e+00  0.000000e+00        0.0       0.0  0.000          0.000000
117  0.000000     0.000000  0.000000e+00  0.000000e+00        0.0       0.0  0.000          0.000000
118  0.000000     0.000000  0.000000e+00  0.000000e+00        0.0       0.0  0.000          0.000000
119  0.000000     0.000000  0.000000e+00  0.000000e+00        0.0       0.0  0.000          0.000000
120  0.000000     0.000000  0.000000e+00  0.000000e+00        0.0       0.0  0.000          0.000000
121  0.000000     0.000000  0.000000e+00  0.000000e+00        0.0       0.0  0.000          0.000000
122  0.000000     0.000000  0.000000e+00  0.000000e+00        0.0       0.0  0.000          0.000000
123  0.000000     0.000000  0.000000e+00  0.000000e+00        0.0       0.0  0.000          0.000000
124  0.000000     0.000000  0.000000e+00  0.000000e+00        0.0       0.0  0.000          0.000000
125  0.000000     0.000000  0.000000e+00  0.000000e+00        0.0       0.0  0.000          0.000000
126  0.000000     0.000000  0.000000e+00  0.000000e+00        0.0       0.0  0.000          0.000000
127  0.000000     0.000000  0.000000e+00  0.000000e+00        0.0       0.0  0.000          0.000000
128  0.000000     0.000000  0.000000e+00  0.000000e+00        0.0       0.0  0.000          0.000000
129  0.000000     0.000000  0.000000e+00  0.000000e+00        0.0       0.0  0.000          0.000000
130  0.000000     0.000000  0.000000e+00  0.000000e+00        0.0       0.0  0.000          0.000000
131  0.000000     0.000000  0.000000e+00  0.000000e+00        0.0       0.0  0.000          0.000000
132  0.000000     0.000000  0.000000e+00  0.000000e+00        0.0       0.0  0.000          0.000000
133  0.000000     0.000000  0.000000e+00  0.000000e+00        0.0       0.0  0.000          0.000000
134  0.000000     0.000000  0.000000e+00  0.000000e+00        0.0       0.0  0.000          0.000000
135  0.000000     0.000000  0.000000e+00  0.000000e+00        0.0       0.0  0.000          0.000000
136  0.000000     0.000000  0.000000e+00  0.000000e+00        0.0       0.0  0.000          0.000000
137  0.000000     0.000000  0.000000e+00  0.000000e+00        0.0       0.0  0.000          0.000000
138  0.000000     0.000000  0.000000e+00  0.000000e+00        0.0       0.0  0.000          0.000000
139  0.000000     0.000000  0.000000e+00  0.000000e+00        0.0       0.0  0.000          0.000000
140  0.000000     0.000000  0.000000e+00  0.000000e+00        0.0       0.0  0.000          0.000000
141  0.000000     0.000000  0.000000e+00  0.000000e+00        0.0       0.0  0.000          0.000000
142  0.000000     0.000000  0.000000e+00  0.000000e+00        0.0       0.0  0.000          0.000000
143  0.000000     0.000000  0.000000e+00  0.000000e+00        0.0       0.0  0.000          0.000000
144  0.000000     0.000000  0.000000e+00  0.000000e+00        0.0       0.0  0.000          0.000000
145  0.000000     0.000000  0.000000e+00  0.000000e+00        0.0       0.0  0.000          0.000000
146  0.000000     0.000000  0.000000e+00  0.000000e+00        0.0       0.0  0.000          0.000000
147  0.000000     0.000000  0.000000e+00  0.000000e+00        0.0       0.0  0.000          0.000000
148  0.000000     0.000000  0.000000e+00  0.000000e+00        0.0       0.0  0.000          0.000000
149  0.000000     0.000000  0.000000e+00  0.000000e+00        0.0       0.0  0.000          0.000000
150  6.366994    45.213516  4.674900e+00  4.306008e-03    16384.0       0.1  0.050          0.980011
151  2.000591     4.006282  3.919479e-03  3.405228e-06    16384.0       0.1  0.050          0.979797
152  1.999627     3.998565  5.515170e-05  4.753205e-08    16384.0       0.1  0.050          0.979797
153  1.999946     3.999786  8.576398e-07  7.377219e-10    16384.0       0.1  0.050          0.979767
154  1.999993     3.999972  1.360261e-08  1.168863e-11    16384.0       0.1  0.050          0.979767
155  1.999999     3.999996  2.167346e-10  1.861405e-13    16384.0       0.1  0.050          0.979767
156  2.000000     4.000000  3.445244e-12  2.968627e-15    16384.0       0.1  0.050          0.979767
157  2.000000     4.000000  5.329071e-14  4.737282e-17    16384.0       0.1  0.050          0.979767
158  2.000000     4.000000  3.330669e-14  7.562453e-19    16384.0       0.1  0.050          0.979767
159  2.000000     4.000000 -1.598721e-14  1.207611e-20    16384.0       0.1  0.050          0.979767
160  0.000000     0.000000  0.000000e+00  0.000000e+00        0.0       0.0  0.000          0.000000
161  0.000000     0.000000  0.000000e+00  0.000000e+00        0.0       0.0  0.000          0.000000
162  0.000000     0.000000  0.000000e+00  0.000000e+00        0.0       0.0  0.000          0.000000
163  0.000000     0.000000  0.000000e+00  0.000000e+00        0.0       0.0  0.000          0.000000
164  0.000000     0.000000  0.000000e+00  0.000000e+00        0.0       0.0  0.000          0.000000
165  0.000000     0.000000  0.000000e+00  0.000000e+00        0.0       0.0  0.000          0.000000
166  0.000000     0.000000  0.000000e+00  0.000000e+00        0.0       0.0  0.000          0.000000
167  0.000000     0.000000  0.000000e+00  0.000000e+00        0.0       0.0  0.000          0.000000
168  0.000000     0.000000  0.000000e+00  0.000000e+00        0.0       0.0  0.000          0.000000
169  0.000000     0.000000  0.000000e+00  0.000000e+00        0.0       0.0  0.000          0.000000
170  0.000000     0.000000  0.000000e+00  0.000000e+00        0.0       0.0  0.000          0.000000
171  0.000000     0.000000  0.000000e+00  0.000000e+00        0.0       0.0  0.000          0.000000
172  0.000000     0.000000  0.000000e+00  0.000000e+00        0.0       0.0  0.000          0.000000
173  0.000000     0.000000  0.000000e+00  0.000000e+00        0.0       0.0  0.000          0.000000
174  0.000000     0.000000  0.000000e+00  0.000000e+00        0.0       0.0  0.000          0.000000
175  0.000000     0.000000  0.000000e+00  0.000000e+00        0.0       0.0  0.000          0.000000
176  0.000000     0.000000  0.000000e+00  0.000000e+00        0.0       0.0  0.000          0.000000
177  0.000000     0.000000  0.000000e+00  0.000000e+00        0.0       0.0  0.000          0.000000
178  0.000000     0.000000  0.000000e+00  0.000000e+00        0.0       0.0  0.000          0.000000
179  0.000000     0.000000  0.000000e+00  0.000000e+00        0.0       0.0  0.000          0.000000
180  0.000000     0.000000  0.000000e+00  0.000000e+00        0.0       0.0  0.000          0.000000
181  0.000000     0.000000  0.000000e+00  0.000000e+00        0.0       0.0  0.000          0.000000
182  0.000000     0.000000  0.000000e+00  0.000000e+00        0.0       0.0  0.000          0.000000
183  0.000000     0.000000  0.000000e+00  0.000000e+00        0.0       0.0  0.000          0.000000
184  0.000000     0.000000  0.000000e+00  0.000000e+00        0.0       0.0  0.000          0.000000
185  0.000000     0.000000  0.000000e+00  0.000000e+00        0.0       0.0  0.000          0.000000
186  0.000000     0.000000  0.000000e+00  0.000000e+00        0.0       0.0  0.000          0.000000
187  0.000000     0.000000  0.000000e+00  0.000000e+00        0.0       0.0  0.000          0.000000
188  0.000000     0.000000  0.000000e+00  0.000000e+00        0.0       0.0  0.000          0.000000
189  0.000000     0.000000  0.000000e+00  0.000000e+00        0.0       0.0  0.000          0.000000
190  0.000000     0.000000  0.000000e+00  0.000000e+00        0.0       0.0  0.000          0.000000
191  0.000000     0.000000  0.000000e+00  0.000000e+00        0.0       0.0  0.000          0.000000
192  0.000000     0.000000  0.000000e+00  0.000000e+00        0.0       0.0  0.000          0.000000
193  0.000000     0.000000  0.000000e+00  0.000000e+00        0.0       0.0  0.000          0.000000
194  0.000000     0.000000  0.000000e+00  0.000000e+00        0.0       0.0  0.000          0.000000
195  0.000000     0.000000  0.000000e+00  0.000000e+00        0.0       0.0  0.000          0.000000
196  0.000000     0.000000  0.000000e+00  0.000000e+00        0.0       0.0  0.000          0.000000
197  0.000000     0.000000  0.000000e+00  0.000000e+00        0.0       0.0  0.000          0.000000
198  0.000000     0.000000  0.000000e+00  0.000000e+00        0.0       0.0  0.000          0.000000
199  0.000000     0.000000  0.000000e+00  0.000000e+00        0.0       0.0  0.000          0.000000
200  6.366994    45.213516  4.674900e+00  4.306008e-03    16384.0       0.1  0.100          0.980011
201  2.036969     4.181850  3.260653e-02  2.815374e-05    16384.0       0.1  0.100          0.979797
202  2.000161     4.000701  5.618889e-05  4.915241e-08    16384.0       0.1  0.100          0.979797
203  2.000002     4.000010  1.644410e-07  1.469523e-10    16384.0       0.1  0.100          0.979767
204  2.000000     4.000000  5.335741e-10  4.860972e-13    16384.0       0.1  0.100          0.979767
205  2.000000     4.000000  1.806111e-12  1.684879e-15    16384.0       0.1  0.100          0.979767
206  2.000000     4.000000 -1.509903e-14  6.019651e-18    16384.0       0.1  0.100          0.979767
207  2.000000     4.000000  8.437695e-15  2.199923e-20    16384.0       0.1  0.100          0.979767
208  0.000000     0.000000  0.000000e+00  0.000000e+00        0.0       0.0  0.000          0.000000
209  0.000000     0.000000  0.000000e+00  0.000000e+00        0.0       0.0  0.000          0.000000
210  0.000000     0.000000  0.000000e+00  0.000000e+00        0.0       0.0  0.000          0.000000
211  0.000000     0.000000  0.000000e+00  0.000000e+00        0.0       0.0  0.000          0.000000
212  0.000000     0.000000  0.000000e+00  0.000000e+00        0.0       0.0  0.000          0.000000
213  0.000000     0.000000  0.000000e+00  0.000000e+00        0.0       0.0  0.000          0.000000
214  0.000000     0.000000  0.000000e+00  0.000000e+00        0.0       0.0  0.000          0.000000
215  0.000000     0.000000  0.000000e+00  0.000000e+00        0.0       0.0  0.000          0.000000
216  0.000000     0.000000  0.000000e+00  0.000000e+00        0.0       0.0  0.000          0.000000
217  0.000000     0.000000  0.000000e+00  0.000000e+00        0.0       0.0  0.000          0.000000
218  0.000000     0.000000  0.000000e+00  0.000000e+00        0.0       0.0  0.000          0.000000
219  0.000000     0.000000  0.000000e+00  0.000000e+00        0.0       0.0  0.000          0.000000
220  0.000000     0.000000  0.000000e+00  0.000000e+00        0.0       0.0  0.000          0.000000
221  0.000000     0.000000  0.000000e+00  0.000000e+00        0.0       0.0  0.000          0.000000
222  0.000000     0.000000  0.000000e+00  0.000000e+00        0.0       0.0  0.000          0.000000
223  0.000000     0.000000  0.000000e+00  0.000000e+00        0.0       0.0  0.000          0.000000
224  0.000000     0.000000  0.000000e+00  0.000000e+00        0.0       0.0  0.000          0.000000
225  0.000000     0.000000  0.000000e+00  0.000000e+00        0.0       0.0  0.000          0.000000
226  0.000000     0.000000  0.000000e+00  0.000000e+00        0.0       0.0  0.000          0.000000
227  0.000000     0.000000  0.000000e+00  0.000000e+00        0.0       0.0  0.000          0.000000
228  0.000000     0.000000  0.000000e+00  0.000000e+00        0.0       0.0  0.000          0.000000
229  0.000000     0.000000  0.000000e+00  0.000000e+00        0.0       0.0  0.000          0.000000
230  0.000000     0.000000  0.000000e+00  0.000000e+00        0.0       0.0  0.000          0.000000
231  0.000000     0.000000  0.000000e+00  0.000000e+00        0.0       0.0  0.000          0.000000
232  0.000000     0.000000  0.000000e+00  0.000000e+00        0.0       0.0  0.000          0.000000
233  0.000000     0.000000  0.000000e+00  0.000000e+00        0.0       0.0  0.000          0.000000
234  0.000000     0.000000  0.000000e+00  0.000000e+00        0.0       0.0  0.000          0.000000
235  0.000000     0.000000  0.000000e+00  0.000000e+00        0.0       0.0  0.000          0.000000
236  0.000000     0.000000  0.000000e+00  0.000000e+00        0.0       0.0  0.000          0.000000
237  0.000000     0.000000  0.000000e+00  0.000000e+00        0.0       0.0  0.000          0.000000
238  0.000000     0.000000  0.000000e+00  0.000000e+00        0.0       0.0  0.000          0.000000
239  0.000000     0.000000  0.000000e+00  0.000000e+00        0.0       0.0  0.000          0.000000
240  0.000000     0.000000  0.000000e+00  0.000000e+00        0.0       0.0  0.000          0.000000
241  0.000000     0.000000  0.000000e+00  0.000000e+00        0.0       0.0  0.000          0.000000
242  0.000000     0.000000  0.000000e+00  0.000000e+00        0.0       0.0  0.000          0.000000
243  0.000000     0.000000  0.000000e+00  0.000000e+00        0.0       0.0  0.000          0.000000
244  0.000000     0.000000  0.000000e+00  0.000000e+00        0.0       0.0  0.000          0.000000
245  0.000000     0.000000  0.000000e+00  0.000000e+00        0.0       0.0  0.000          0.000000
246  0.000000     0.000000  0.000000e+00  0.000000e+00        0.0       0.0  0.000          0.000000
247  0.000000     0.000000  0.000000e+00  0.000000e+00        0.0       0.0  0.000          0.000000
248  0.000000     0.000000  0.000000e+00  0.000000e+00        0.0       0.0  0.000          0.000000
249  0.000000     0.000000  0.000000e+00  0.000000e+00        0.0       0.0  0.000          0.000000
250  6.414404    45.789299  4.644716e+00  2.321372e-03    32768.0       0.1  0.001          0.979630
251  2.082980     4.425757  8.694943e-02  4.146736e-05    32768.0       0.1  0.001          0.979401
252  2.002374     4.012549  3.046160e-03  1.431895e-06    32768.0       0.1  0.001          0.979645
253  1.999978     4.000031  1.184065e-04  5.563211e-08    32768.0       0.1  0.001          0.979630
254  1.999977     3.999911  4.655572e-06  2.187375e-09    32768.0       0.1  0.001          0.979630
255  1.999995     3.999979  1.834052e-07  8.617149e-11    32768.0       0.1  0.001          0.979630
256  1.999999     3.999996  7.227841e-09  3.395977e-12    32768.0       0.1  0.001          0.979630
257  2.000000     3.999999  2.849112e-10  1.338436e-13    32768.0       0.1  0.001          0.979630
258  2.000000     4.000000  1.121991e-11  5.275179e-15    32768.0       0.1  0.001          0.979630
259  2.000000     4.000000  4.964917e-13  2.079113e-16    32768.0       0.1  0.001          0.979630
260  2.000000     4.000000  9.325873e-15  8.194436e-18    32768.0       0.1  0.001          0.979630
261  0.000000     0.000000  0.000000e+00  0.000000e+00        0.0       0.0  0.000          0.000000
262  0.000000     0.000000  0.000000e+00  0.000000e+00        0.0       0.0  0.000          0.000000
263  0.000000     0.000000  0.000000e+00  0.000000e+00        0.0       0.0  0.000          0.000000
264  0.000000     0.000000  0.000000e+00  0.000000e+00        0.0       0.0  0.000          0.000000
265  0.000000     0.000000  0.000000e+00  0.000000e+00        0.0       0.0  0.000          0.000000
266  0.000000     0.000000  0.000000e+00  0.000000e+00        0.0       0.0  0.000          0.000000
267  0.000000     0.000000  0.000000e+00  0.000000e+00        0.0       0.0  0.000          0.000000
268  0.000000     0.000000  0.000000e+00  0.000000e+00        0.0       0.0  0.000          0.000000
269  0.000000     0.000000  0.000000e+00  0.000000e+00        0.0       0.0  0.000          0.000000
270  0.000000     0.000000  0.000000e+00  0.000000e+00        0.0       0.0  0.000          0.000000
271  0.000000     0.000000  0.000000e+00  0.000000e+00        0.0       0.0  0.000          0.000000
272  0.000000     0.000000  0.000000e+00  0.000000e+00        0.0       0.0  0.000          0.000000
273  0.000000     0.000000  0.000000e+00  0.000000e+00        0.0       0.0  0.000          0.000000
274  0.000000     0.000000  0.000000e+00  0.000000e+00        0.0       0.0  0.000          0.000000
275  0.000000     0.000000  0.000000e+00  0.000000e+00        0.0       0.0  0.000          0.000000
276  0.000000     0.000000  0.000000e+00  0.000000e+00        0.0       0.0  0.000          0.000000
277  0.000000     0.000000  0.000000e+00  0.000000e+00        0.0       0.0  0.000          0.000000
278  0.000000     0.000000  0.000000e+00  0.000000e+00        0.0       0.0  0.000          0.000000
279  0.000000     0.000000  0.000000e+00  0.000000e+00        0.0       0.0  0.000          0.000000
280  0.000000     0.000000  0.000000e+00  0.000000e+00        0.0       0.0  0.000          0.000000
281  0.000000     0.000000  0.000000e+00  0.000000e+00        0.0       0.0  0.000          0.000000
282  0.000000     0.000000  0.000000e+00  0.000000e+00        0.0       0.0  0.000          0.000000
283  0.000000     0.000000  0.000000e+00  0.000000e+00        0.0       0.0  0.000          0.000000
284  0.000000     0.000000  0.000000e+00  0.000000e+00        0.0       0.0  0.000          0.000000
285  0.000000     0.000000  0.000000e+00  0.000000e+00        0.0       0.0  0.000          0.000000
286  0.000000     0.000000  0.000000e+00  0.000000e+00        0.0       0.0  0.000          0.000000
287  0.000000     0.000000  0.000000e+00  0.000000e+00        0.0       0.0  0.000          0.000000
288  0.000000     0.000000  0.000000e+00  0.000000e+00        0.0       0.0  0.000          0.000000
289  0.000000     0.000000  0.000000e+00  0.000000e+00        0.0       0.0  0.000          0.000000
290  0.000000     0.000000  0.000000e+00  0.000000e+00        0.0       0.0  0.000          0.000000
291  0.000000     0.000000  0.000000e+00  0.000000e+00        0.0       0.0  0.000          0.000000
292  0.000000     0.000000  0.000000e+00  0.000000e+00        0.0       0.0  0.000          0.000000
293  0.000000     0.000000  0.000000e+00  0.000000e+00        0.0       0.0  0.000          0.000000
294  0.000000     0.000000  0.000000e+00  0.000000e+00        0.0       0.0  0.000          0.000000
295  0.000000     0.000000  0.000000e+00  0.000000e+00        0.0       0.0  0.000          0.000000
296  0.000000     0.000000  0.000000e+00  0.000000e+00        0.0       0.0  0.000          0.000000
297  0.000000     0.000000  0.000000e+00  0.000000e+00        0.0       0.0  0.000          0.000000
298  0.000000     0.000000  0.000000e+00  0.000000e+00        0.0       0.0  0.000          0.000000
299  0.000000     0.000000  0.000000e+00  0.000000e+00        0.0       0.0  0.000          0.000000
300  6.414404    45.789299  4.644716e+00  2.321372e-03    32768.0       0.1  0.005          0.979630
301  2.072077     4.368978  7.547330e-02  3.594459e-05    32768.0       0.1  0.005          0.979401
302  2.001872     4.009981  2.491025e-03  1.171115e-06    32768.0       0.1  0.005          0.979645
303  1.999966     3.999957  9.111920e-05  4.282083e-08    32768.0       0.1  0.005          0.979630
304  1.999979     3.999920  3.372641e-06  1.584938e-09    32768.0       0.1  0.005          0.979630
305  1.999995     3.999982  1.250917e-07  5.878539e-11    32768.0       0.1  0.005          0.979630
306  1.999999     3.999996  4.641607e-09  2.181237e-12    32768.0       0.1  0.005          0.979630
307  2.000000     3.999999  1.723213e-10  8.094174e-14    32768.0       0.1  0.005          0.979630
308  2.000000     4.000000  6.361134e-12  3.003655e-15    32768.0       0.1  0.005          0.979630
309  2.000000     4.000000  2.566836e-13  1.114628e-16    32768.0       0.1  0.005          0.979630
310  2.000000     4.000000 -6.750156e-14  4.136287e-18    32768.0       0.1  0.005          0.979630
311  0.000000     0.000000  0.000000e+00  0.000000e+00        0.0       0.0  0.000          0.000000
312  0.000000     0.000000  0.000000e+00  0.000000e+00        0.0       0.0  0.000          0.000000
313  0.000000     0.000000  0.000000e+00  0.000000e+00        0.0       0.0  0.000          0.000000
314  0.000000     0.000000  0.000000e+00  0.000000e+00        0.0       0.0  0.000          0.000000
315  0.000000     0.000000  0.000000e+00  0.000000e+00        0.0       0.0  0.000          0.000000
316  0.000000     0.000000  0.000000e+00  0.000000e+00        0.0       0.0  0.000          0.000000
317  0.000000     0.000000  0.000000e+00  0.000000e+00        0.0       0.0  0.000          0.000000
318  0.000000     0.000000  0.000000e+00  0.000000e+00        0.0       0.0  0.000          0.000000
319  0.000000     0.000000  0.000000e+00  0.000000e+00        0.0       0.0  0.000          0.000000
320  0.000000     0.000000  0.000000e+00  0.000000e+00        0.0       0.0  0.000          0.000000
321  0.000000     0.000000  0.000000e+00  0.000000e+00        0.0       0.0  0.000          0.000000
322  0.000000     0.000000  0.000000e+00  0.000000e+00        0.0       0.0  0.000          0.000000
323  0.000000     0.000000  0.000000e+00  0.000000e+00        0.0       0.0  0.000          0.000000
324  0.000000     0.000000  0.000000e+00  0.000000e+00        0.0       0.0  0.000          0.000000
325  0.000000     0.000000  0.000000e+00  0.000000e+00        0.0       0.0  0.000          0.000000
326  0.000000     0.000000  0.000000e+00  0.000000e+00        0.0       0.0  0.000          0.000000
327  0.000000     0.000000  0.000000e+00  0.000000e+00        0.0       0.0  0.000          0.000000
328  0.000000     0.000000  0.000000e+00  0.000000e+00        0.0       0.0  0.000          0.000000
329  0.000000     0.000000  0.000000e+00  0.000000e+00        0.0       0.0  0.000          0.000000
330  0.000000     0.000000  0.000000e+00  0.000000e+00        0.0       0.0  0.000          0.000000
331  0.000000     0.000000  0.000000e+00  0.000000e+00        0.0       0.0  0.000          0.000000
332  0.000000     0.000000  0.000000e+00  0.000000e+00        0.0       0.0  0.000          0.000000
333  0.000000     0.000000  0.000000e+00  0.000000e+00        0.0       0.0  0.000          0.000000
334  0.000000     0.000000  0.000000e+00  0.000000e+00        0.0       0.0  0.000          0.000000
335  0.000000     0.000000  0.000000e+00  0.000000e+00        0.0       0.0  0.000          0.000000
336  0.000000     0.000000  0.000000e+00  0.000000e+00        0.0       0.0  0.000          0.000000
337  0.000000     0.000000  0.000000e+00  0.000000e+00        0.0       0.0  0.000          0.000000
338  0.000000     0.000000  0.000000e+00  0.000000e+00        0.0       0.0  0.000          0.000000
339  0.000000     0.000000  0.000000e+00  0.000000e+00        0.0       0.0  0.000          0.000000
340  0.000000     0.000000  0.000000e+00  0.000000e+00        0.0       0.0  0.000          0.000000
341  0.000000     0.000000  0.000000e+00  0.000000e+00        0.0       0.0  0.000          0.000000
342  0.000000     0.000000  0.000000e+00  0.000000e+00        0.0       0.0  0.000          0.000000
343  0.000000     0.000000  0.000000e+00  0.000000e+00        0.0       0.0  0.000          0.000000
344  0.000000     0.000000  0.000000e+00  0.000000e+00        0.0       0.0  0.000          0.000000
345  0.000000     0.000000  0.000000e+00  0.000000e+00        0.0       0.0  0.000          0.000000
346  0.000000     0.000000  0.000000e+00  0.000000e+00        0.0       0.0  0.000          0.000000
347  0.000000     0.000000  0.000000e+00  0.000000e+00        0.0       0.0  0.000          0.000000
348  0.000000     0.000000  0.000000e+00  0.000000e+00        0.0       0.0  0.000          0.000000
349  0.000000     0.000000  0.000000e+00  0.000000e+00        0.0       0.0  0.000          0.000000
350  6.414404    45.789299  4.644716e+00  2.321372e-03    32768.0       0.1  0.010          0.979630
351  2.059469     4.303878  6.246613e-02  2.965433e-05    32768.0       0.1  0.010          0.979340
352  2.001352     4.007319  1.908106e-03  8.972897e-07    32768.0       0.1  0.010          0.979645
353  1.999958     3.999895  6.451175e-05  3.032660e-08    32768.0       0.1  0.010          0.979630
354  1.999982     3.999931  2.208162e-06  1.038024e-09    32768.0       0.1  0.010          0.979630
355  1.999996     3.999986  7.575363e-08  3.561025e-11    32768.0       0.1  0.010          0.979630
356  1.999999     3.999997  2.600025e-09  1.222200e-12    32768.0       0.1  0.010          0.979630
357  2.000000     3.999999  8.928280e-11  4.195207e-14    32768.0       0.1  0.010          0.979630
358  2.000000     4.000000  3.023803e-12  1.440044e-15    32768.0       0.1  0.010          0.979630
359  2.000000     4.000000  1.474376e-13  4.943142e-17    32768.0       0.1  0.010          0.979630
360  2.000000     4.000000  7.993606e-15  1.696812e-18    32768.0       0.1  0.010          0.979630
361  0.000000     0.000000  0.000000e+00  0.000000e+00        0.0       0.0  0.000          0.000000
362  0.000000     0.000000  0.000000e+00  0.000000e+00        0.0       0.0  0.000          0.000000
363  0.000000     0.000000  0.000000e+00  0.000000e+00        0.0       0.0  0.000          0.000000
364  0.000000     0.000000  0.000000e+00  0.000000e+00        0.0       0.0  0.000          0.000000
365  0.000000     0.000000  0.000000e+00  0.000000e+00        0.0       0.0  0.000          0.000000
366  0.000000     0.000000  0.000000e+00  0.000000e+00        0.0       0.0  0.000          0.000000
367  0.000000     0.000000  0.000000e+00  0.000000e+00        0.0       0.0  0.000          0.000000
368  0.000000     0.000000  0.000000e+00  0.000000e+00        0.0       0.0  0.000          0.000000
369  0.000000     0.000000  0.000000e+00  0.000000e+00        0.0       0.0  0.000          0.000000
370  0.000000     0.000000  0.000000e+00  0.000000e+00        0.0       0.0  0.000          0.000000
371  0.000000     0.000000  0.000000e+00  0.000000e+00        0.0       0.0  0.000          0.000000
372  0.000000     0.000000  0.000000e+00  0.000000e+00        0.0       0.0  0.000          0.000000
373  0.000000     0.000000  0.000000e+00  0.000000e+00        0.0       0.0  0.000          0.000000
374  0.000000     0.000000  0.000000e+00  0.000000e+00        0.0       0.0  0.000          0.000000
375  0.000000     0.000000  0.000000e+00  0.000000e+00        0.0       0.0  0.000          0.000000
376  0.000000     0.000000  0.000000e+00  0.000000e+00        0.0       0.0  0.000          0.000000
377  0.000000     0.000000  0.000000e+00  0.000000e+00        0.0       0.0  0.000          0.000000
378  0.000000     0.000000  0.000000e+00  0.000000e+00        0.0       0.0  0.000          0.000000
379  0.000000     0.000000  0.000000e+00  0.000000e+00        0.0       0.0  0.000          0.000000
380  0.000000     0.000000  0.000000e+00  0.000000e+00        0.0       0.0  0.000          0.000000
381  0.000000     0.000000  0.000000e+00  0.000000e+00        0.0       0.0  0.000          0.000000
382  0.000000     0.000000  0.000000e+00  0.000000e+00        0.0       0.0  0.000          0.000000
383  0.000000     0.000000  0.000000e+00  0.000000e+00        0.0       0.0  0.000          0.000000
384  0.000000     0.000000  0.000000e+00  0.000000e+00        0.0       0.0  0.000          0.000000
385  0.000000     0.000000  0.000000e+00  0.000000e+00        0.0       0.0  0.000          0.000000
386  0.000000     0.000000  0.000000e+00  0.000000e+00        0.0       0.0  0.000          0.000000
387  0.000000     0.000000  0.000000e+00  0.000000e+00        0.0       0.0  0.000          0.000000
388  0.000000     0.000000  0.000000e+00  0.000000e+00        0.0       0.0  0.000          0.000000
389  0.000000     0.000000  0.000000e+00  0.000000e+00        0.0       0.0  0.000          0.000000
390  0.000000     0.000000  0.000000e+00  0.000000e+00        0.0       0.0  0.000          0.000000
391  0.000000     0.000000  0.000000e+00  0.000000e+00        0.0       0.0  0.000          0.000000
392  0.000000     0.000000  0.000000e+00  0.000000e+00        0.0       0.0  0.000          0.000000
393  0.000000     0.000000  0.000000e+00  0.000000e+00        0.0       0.0  0.000          0.000000
394  0.000000     0.000000  0.000000e+00  0.000000e+00        0.0       0.0  0.000          0.000000
395  0.000000     0.000000  0.000000e+00  0.000000e+00        0.0       0.0  0.000          0.000000
396  0.000000     0.000000  0.000000e+00  0.000000e+00        0.0       0.0  0.000          0.000000
397  0.000000     0.000000  0.000000e+00  0.000000e+00        0.0       0.0  0.000          0.000000
398  0.000000     0.000000  0.000000e+00  0.000000e+00        0.0       0.0  0.000          0.000000
399  0.000000     0.000000  0.000000e+00  0.000000e+00        0.0       0.0  0.000          0.000000
400  6.414404    45.789299  4.644716e+00  2.321372e-03    32768.0       0.1  0.050          0.979630
401  2.002896     4.015639  4.045901e-03  1.928388e-06    32768.0       0.1  0.050          0.979706
402  1.999906     3.999681  5.684641e-05  2.705329e-08    32768.0       0.1  0.050          0.979645
403  1.999982     3.999927  8.798326e-07  4.185327e-10    32768.0       0.1  0.050          0.979630
404  1.999998     3.999990  1.387481e-08  6.598191e-12    32768.0       0.1  0.050          0.979630
405  2.000000     3.999999  2.197424e-10  1.044722e-13    32768.0       0.1  0.050          0.979630
406  2.000000     4.000000  3.473222e-12  1.655951e-15    32768.0       0.1  0.050          0.979630
407  2.000000     4.000000  1.070255e-13  2.625626e-17    32768.0       0.1  0.050          0.979630
408  2.000000     4.000000  4.130030e-14  4.163644e-19    32768.0       0.1  0.050          0.979630
409  0.000000     0.000000  0.000000e+00  0.000000e+00        0.0       0.0  0.000          0.000000
410  0.000000     0.000000  0.000000e+00  0.000000e+00        0.0       0.0  0.000          0.000000
411  0.000000     0.000000  0.000000e+00  0.000000e+00        0.0       0.0  0.000          0.000000
412  0.000000     0.000000  0.000000e+00  0.000000e+00        0.0       0.0  0.000          0.000000
413  0.000000     0.000000  0.000000e+00  0.000000e+00        0.0       0.0  0.000          0.000000
414  0.000000     0.000000  0.000000e+00  0.000000e+00        0.0       0.0  0.000          0.000000
415  0.000000     0.000000  0.000000e+00  0.000000e+00        0.0       0.0  0.000          0.000000
416  0.000000     0.000000  0.000000e+00  0.000000e+00        0.0       0.0  0.000          0.000000
417  0.000000     0.000000  0.000000e+00  0.000000e+00        0.0       0.0  0.000          0.000000
418  0.000000     0.000000  0.000000e+00  0.000000e+00        0.0       0.0  0.000          0.000000
419  0.000000     0.000000  0.000000e+00  0.000000e+00        0.0       0.0  0.000          0.000000
420  0.000000     0.000000  0.000000e+00  0.000000e+00        0.0       0.0  0.000          0.000000
421  0.000000     0.000000  0.000000e+00  0.000000e+00        0.0       0.0  0.000          0.000000
422  0.000000     0.000000  0.000000e+00  0.000000e+00        0.0       0.0  0.000          0.000000
423  0.000000     0.000000  0.000000e+00  0.000000e+00        0.0       0.0  0.000          0.000000
424  0.000000     0.000000  0.000000e+00  0.000000e+00        0.0       0.0  0.000          0.000000
425  0.000000     0.000000  0.000000e+00  0.000000e+00        0.0       0.0  0.000          0.000000
426  0.000000     0.000000  0.000000e+00  0.000000e+00        0.0       0.0  0.000          0.000000
427  0.000000     0.000000  0.000000e+00  0.000000e+00        0.0       0.0  0.000          0.000000
428  0.000000     0.000000  0.000000e+00  0.000000e+00        0.0       0.0  0.000          0.000000
429  0.000000     0.000000  0.000000e+00  0.000000e+00        0.0       0.0  0.000          0.000000
430  0.000000     0.000000  0.000000e+00  0.000000e+00        0.0       0.0  0.000          0.000000
431  0.000000     0.000000  0.000000e+00  0.000000e+00        0.0       0.0  0.000          0.000000
432  0.000000     0.000000  0.000000e+00  0.000000e+00        0.0       0.0  0.000          0.000000
433  0.000000     0.000000  0.000000e+00  0.000000e+00        0.0       0.0  0.000          0.000000
434  0.000000     0.000000  0.000000e+00  0.000000e+00        0.0       0.0  0.000          0.000000
435  0.000000     0.000000  0.000000e+00  0.000000e+00        0.0       0.0  0.000          0.000000
436  0.000000     0.000000  0.000000e+00  0.000000e+00        0.0       0.0  0.000          0.000000
437  0.000000     0.000000  0.000000e+00  0.000000e+00        0.0       0.0  0.000          0.000000
438  0.000000     0.000000  0.000000e+00  0.000000e+00        0.0       0.0  0.000          0.000000
439  0.000000     0.000000  0.000000e+00  0.000000e+00        0.0       0.0  0.000          0.000000
440  0.000000     0.000000  0.000000e+00  0.000000e+00        0.0       0.0  0.000          0.000000
441  0.000000     0.000000  0.000000e+00  0.000000e+00        0.0       0.0  0.000          0.000000
442  0.000000     0.000000  0.000000e+00  0.000000e+00        0.0       0.0  0.000          0.000000
443  0.000000     0.000000  0.000000e+00  0.000000e+00        0.0       0.0  0.000          0.000000
444  0.000000     0.000000  0.000000e+00  0.000000e+00        0.0       0.0  0.000          0.000000
445  0.000000     0.000000  0.000000e+00  0.000000e+00        0.0       0.0  0.000          0.000000
446  0.000000     0.000000  0.000000e+00  0.000000e+00        0.0       0.0  0.000          0.000000
447  0.000000     0.000000  0.000000e+00  0.000000e+00        0.0       0.0  0.000          0.000000
448  0.000000     0.000000  0.000000e+00  0.000000e+00        0.0       0.0  0.000          0.000000
449  0.000000     0.000000  0.000000e+00  0.000000e+00        0.0       0.0  0.000          0.000000
450  6.414404    45.789299  4.644716e+00  2.321372e-03    32768.0       0.1  0.100          0.979630
451  2.032680     4.162696  3.090888e-02  1.450381e-05    32768.0       0.1  0.100          0.979645
452  2.000091     4.000419  5.617656e-05  2.616821e-08    32768.0       0.1  0.100          0.979645
453  2.000001     4.000004  1.601326e-07  7.467209e-11    32768.0       0.1  0.100          0.979630
454  2.000000     4.000000  4.926175e-10  2.299710e-13    32768.0       0.1  0.100          0.979630
455  2.000000     4.000000  1.642242e-12  7.305929e-16    32768.0       0.1  0.100          0.979630
456  0.000000     0.000000  0.000000e+00  0.000000e+00        0.0       0.0  0.000          0.000000
457  0.000000     0.000000  0.000000e+00  0.000000e+00        0.0       0.0  0.000          0.000000
458  0.000000     0.000000  0.000000e+00  0.000000e+00        0.0       0.0  0.000          0.000000
459  0.000000     0.000000  0.000000e+00  0.000000e+00        0.0       0.0  0.000          0.000000
460  0.000000     0.000000  0.000000e+00  0.000000e+00        0.0       0.0  0.000          0.000000
461  0.000000     0.000000  0.000000e+00  0.000000e+00        0.0       0.0  0.000          0.000000
462  0.000000     0.000000  0.000000e+00  0.000000e+00        0.0       0.0  0.000          0.000000
463  0.000000     0.000000  0.000000e+00  0.000000e+00        0.0       0.0  0.000          0.000000
464  0.000000     0.000000  0.000000e+00  0.000000e+00        0.0       0.0  0.000          0.000000
465  0.000000     0.000000  0.000000e+00  0.000000e+00        0.0       0.0  0.000          0.000000
466  0.000000     0.000000  0.000000e+00  0.000000e+00        0.0       0.0  0.000          0.000000
467  0.000000     0.000000  0.000000e+00  0.000000e+00        0.0       0.0  0.000          0.000000
468  0.000000     0.000000  0.000000e+00  0.000000e+00        0.0       0.0  0.000          0.000000
469  0.000000     0.000000  0.000000e+00  0.000000e+00        0.0       0.0  0.000          0.000000
470  0.000000     0.000000  0.000000e+00  0.000000e+00        0.0       0.0  0.000          0.000000
471  0.000000     0.000000  0.000000e+00  0.000000e+00        0.0       0.0  0.000          0.000000
472  0.000000     0.000000  0.000000e+00  0.000000e+00        0.0       0.0  0.000          0.000000
473  0.000000     0.000000  0.000000e+00  0.000000e+00        0.0       0.0  0.000          0.000000
474  0.000000     0.000000  0.000000e+00  0.000000e+00        0.0       0.0  0.000          0.000000
475  0.000000     0.000000  0.000000e+00  0.000000e+00        0.0       0.0  0.000          0.000000
476  0.000000     0.000000  0.000000e+00  0.000000e+00        0.0       0.0  0.000          0.000000
477  0.000000     0.000000  0.000000e+00  0.000000e+00        0.0       0.0  0.000          0.000000
478  0.000000     0.000000  0.000000e+00  0.000000e+00        0.0       0.0  0.000          0.000000
479  0.000000     0.000000  0.000000e+00  0.000000e+00        0.0       0.0  0.000          0.000000
480  0.000000     0.000000  0.000000e+00  0.000000e+00        0.0       0.0  0.000          0.000000
481  0.000000     0.000000  0.000000e+00  0.000000e+00        0.0       0.0  0.000          0.000000
482  0.000000     0.000000  0.000000e+00  0.000000e+00        0.0       0.0  0.000          0.000000
483  0.000000     0.000000  0.000000e+00  0.000000e+00        0.0       0.0  0.000          0.000000
484  0.000000     0.000000  0.000000e+00  0.000000e+00        0.0       0.0  0.000          0.000000
485  0.000000     0.000000  0.000000e+00  0.000000e+00        0.0       0.0  0.000          0.000000
486  0.000000     0.000000  0.000000e+00  0.000000e+00        0.0       0.0  0.000          0.000000
487  0.000000     0.000000  0.000000e+00  0.000000e+00        0.0       0.0  0.000          0.000000
488  0.000000     0.000000  0.000000e+00  0.000000e+00        0.0       0.0  0.000          0.000000
489  0.000000     0.000000  0.000000e+00  0.000000e+00        0.0       0.0  0.000          0.000000
490  0.000000     0.000000  0.000000e+00  0.000000e+00        0.0       0.0  0.000          0.000000
491  0.000000     0.000000  0.000000e+00  0.000000e+00        0.0       0.0  0.000          0.000000
492  0.000000     0.000000  0.000000e+00  0.000000e+00        0.0       0.0  0.000          0.000000
493  0.000000     0.000000  0.000000e+00  0.000000e+00        0.0       0.0  0.000          0.000000
494  0.000000     0.000000  0.000000e+00  0.000000e+00        0.0       0.0  0.000          0.000000
495  0.000000     0.000000  0.000000e+00  0.000000e+00        0.0       0.0  0.000          0.000000
496  0.000000     0.000000  0.000000e+00  0.000000e+00        0.0       0.0  0.000          0.000000
497  0.000000     0.000000  0.000000e+00  0.000000e+00        0.0       0.0  0.000          0.000000
498  0.000000     0.000000  0.000000e+00  0.000000e+00        0.0       0.0  0.000          0.000000
499  0.000000     0.000000  0.000000e+00  0.000000e+00        0.0       0.0  0.000          0.000000
500  6.393135    45.637508  4.765337e+00  1.350445e-03    65536.0       0.1  0.001          0.979858
501  2.081148     4.420217  8.903977e-02  2.403526e-05    65536.0       0.1  0.001          0.979355
502  2.002025     4.011220  3.117680e-03  8.272439e-07    65536.0       0.1  0.001          0.979347
503  1.999908     3.999753  1.211702e-04  3.214960e-08    65536.0       0.1  0.001          0.979340
504  1.999963     3.999855  4.762736e-06  1.263789e-09    65536.0       0.1  0.001          0.979340
505  1.999992     3.999967  1.875594e-07  4.977015e-11    65536.0       0.1  0.001          0.979340
506  1.999998     3.999993  7.388870e-09  1.960715e-12    65536.0       0.1  0.001          0.979340
507  2.000000     3.999999  2.911240e-10  7.724852e-14    65536.0       0.1  0.001          0.979340
508  2.000000     4.000000  1.151257e-11  3.043489e-15    65536.0       0.1  0.001          0.979340
509  2.000000     4.000000  3.317346e-13  1.199098e-16    65536.0       0.1  0.001          0.979340
510  2.000000     4.000000  1.993961e-13  4.724303e-18    65536.0       0.1  0.001          0.979340
511  2.000000     4.000000 -8.881784e-15  1.861320e-19    65536.0       0.1  0.001          0.979340
512  0.000000     0.000000  0.000000e+00  0.000000e+00        0.0       0.0  0.000          0.000000
513  0.000000     0.000000  0.000000e+00  0.000000e+00        0.0       0.0  0.000          0.000000
514  0.000000     0.000000  0.000000e+00  0.000000e+00        0.0       0.0  0.000          0.000000
515  0.000000     0.000000  0.000000e+00  0.000000e+00        0.0       0.0  0.000          0.000000
516  0.000000     0.000000  0.000000e+00  0.000000e+00        0.0       0.0  0.000          0.000000
517  0.000000     0.000000  0.000000e+00  0.000000e+00        0.0       0.0  0.000          0.000000
518  0.000000     0.000000  0.000000e+00  0.000000e+00        0.0       0.0  0.000          0.000000
519  0.000000     0.000000  0.000000e+00  0.000000e+00        0.0       0.0  0.000          0.000000
520  0.000000     0.000000  0.000000e+00  0.000000e+00        0.0       0.0  0.000          0.000000
521  0.000000     0.000000  0.000000e+00  0.000000e+00        0.0       0.0  0.000          0.000000
522  0.000000     0.000000  0.000000e+00  0.000000e+00        0.0       0.0  0.000          0.000000
523  0.000000     0.000000  0.000000e+00  0.000000e+00        0.0       0.0  0.000          0.000000
524  0.000000     0.000000  0.000000e+00  0.000000e+00        0.0       0.0  0.000          0.000000
525  0.000000     0.000000  0.000000e+00  0.000000e+00        0.0       0.0  0.000          0.000000
526  0.000000     0.000000  0.000000e+00  0.000000e+00        0.0       0.0  0.000          0.000000
527  0.000000     0.000000  0.000000e+00  0.000000e+00        0.0       0.0  0.000          0.000000
528  0.000000     0.000000  0.000000e+00  0.000000e+00        0.0       0.0  0.000          0.000000
529  0.000000     0.000000  0.000000e+00  0.000000e+00        0.0       0.0  0.000          0.000000
530  0.000000     0.000000  0.000000e+00  0.000000e+00        0.0       0.0  0.000          0.000000
531  0.000000     0.000000  0.000000e+00  0.000000e+00        0.0       0.0  0.000          0.000000
532  0.000000     0.000000  0.000000e+00  0.000000e+00        0.0       0.0  0.000          0.000000
533  0.000000     0.000000  0.000000e+00  0.000000e+00        0.0       0.0  0.000          0.000000
534  0.000000     0.000000  0.000000e+00  0.000000e+00        0.0       0.0  0.000          0.000000
535  0.000000     0.000000  0.000000e+00  0.000000e+00        0.0       0.0  0.000          0.000000
536  0.000000     0.000000  0.000000e+00  0.000000e+00        0.0       0.0  0.000          0.000000
537  0.000000     0.000000  0.000000e+00  0.000000e+00        0.0       0.0  0.000          0.000000
538  0.000000     0.000000  0.000000e+00  0.000000e+00        0.0       0.0  0.000          0.000000
539  0.000000     0.000000  0.000000e+00  0.000000e+00        0.0       0.0  0.000          0.000000
540  0.000000     0.000000  0.000000e+00  0.000000e+00        0.0       0.0  0.000          0.000000
541  0.000000     0.000000  0.000000e+00  0.000000e+00        0.0       0.0  0.000          0.000000
542  0.000000     0.000000  0.000000e+00  0.000000e+00        0.0       0.0  0.000          0.000000
543  0.000000     0.000000  0.000000e+00  0.000000e+00        0.0       0.0  0.000          0.000000
544  0.000000     0.000000  0.000000e+00  0.000000e+00        0.0       0.0  0.000          0.000000
545  0.000000     0.000000  0.000000e+00  0.000000e+00        0.0       0.0  0.000          0.000000
546  0.000000     0.000000  0.000000e+00  0.000000e+00        0.0       0.0  0.000          0.000000
547  0.000000     0.000000  0.000000e+00  0.000000e+00        0.0       0.0  0.000          0.000000
548  0.000000     0.000000  0.000000e+00  0.000000e+00        0.0       0.0  0.000          0.000000
549  0.000000     0.000000  0.000000e+00  0.000000e+00        0.0       0.0  0.000          0.000000
550  6.393135    45.637508  4.765337e+00  1.350445e-03    65536.0       0.1  0.005          0.979858
551  2.070117     4.362369  7.698335e-02  2.077230e-05    65536.0       0.1  0.005          0.979317
552  2.001546     4.008723  2.535425e-03  6.729525e-07    65536.0       0.1  0.005          0.979347
553  1.999905     3.999713  9.258823e-05  2.457519e-08    65536.0       0.1  0.005          0.979340
554  1.999967     3.999873  3.420700e-06  9.080270e-10    65536.0       0.1  0.005          0.979340
555  1.999993     3.999973  1.266353e-07  3.361698e-11    65536.0       0.1  0.005          0.979340
556  1.999999     3.999995  4.689992e-09  1.245049e-12    65536.0       0.1  0.005          0.979340
557  2.000000     3.999999  1.736544e-10  4.611567e-14    65536.0       0.1  0.005          0.979340
558  2.000000     4.000000  6.422862e-12  1.708119e-15    65536.0       0.1  0.005          0.979340
559  2.000000     4.000000  1.687539e-13  6.326879e-17    65536.0       0.1  0.005          0.979340
560  2.000000     4.000000  4.707346e-14  2.343483e-18    65536.0       0.1  0.005          0.979340
561  0.000000     0.000000  0.000000e+00  0.000000e+00        0.0       0.0  0.000          0.000000
562  0.000000     0.000000  0.000000e+00  0.000000e+00        0.0       0.0  0.000          0.000000
563  0.000000     0.000000  0.000000e+00  0.000000e+00        0.0       0.0  0.000          0.000000
564  0.000000     0.000000  0.000000e+00  0.000000e+00        0.0       0.0  0.000          0.000000
565  0.000000     0.000000  0.000000e+00  0.000000e+00        0.0       0.0  0.000          0.000000
566  0.000000     0.000000  0.000000e+00  0.000000e+00        0.0       0.0  0.000          0.000000
567  0.000000     0.000000  0.000000e+00  0.000000e+00        0.0       0.0  0.000          0.000000
568  0.000000     0.000000  0.000000e+00  0.000000e+00        0.0       0.0  0.000          0.000000
569  0.000000     0.000000  0.000000e+00  0.000000e+00        0.0       0.0  0.000          0.000000
570  0.000000     0.000000  0.000000e+00  0.000000e+00        0.0       0.0  0.000          0.000000
571  0.000000     0.000000  0.000000e+00  0.000000e+00        0.0       0.0  0.000          0.000000
572  0.000000     0.000000  0.000000e+00  0.000000e+00        0.0       0.0  0.000          0.000000
573  0.000000     0.000000  0.000000e+00  0.000000e+00        0.0       0.0  0.000          0.000000
574  0.000000     0.000000  0.000000e+00  0.000000e+00        0.0       0.0  0.000          0.000000
575  0.000000     0.000000  0.000000e+00  0.000000e+00        0.0       0.0  0.000          0.000000
576  0.000000     0.000000  0.000000e+00  0.000000e+00        0.0       0.0  0.000          0.000000
577  0.000000     0.000000  0.000000e+00  0.000000e+00        0.0       0.0  0.000          0.000000
578  0.000000     0.000000  0.000000e+00  0.000000e+00        0.0       0.0  0.000          0.000000
579  0.000000     0.000000  0.000000e+00  0.000000e+00        0.0       0.0  0.000          0.000000
580  0.000000     0.000000  0.000000e+00  0.000000e+00        0.0       0.0  0.000          0.000000
581  0.000000     0.000000  0.000000e+00  0.000000e+00        0.0       0.0  0.000          0.000000
582  0.000000     0.000000  0.000000e+00  0.000000e+00        0.0       0.0  0.000          0.000000
583  0.000000     0.000000  0.000000e+00  0.000000e+00        0.0       0.0  0.000          0.000000
584  0.000000     0.000000  0.000000e+00  0.000000e+00        0.0       0.0  0.000          0.000000
585  0.000000     0.000000  0.000000e+00  0.000000e+00        0.0       0.0  0.000          0.000000
586  0.000000     0.000000  0.000000e+00  0.000000e+00        0.0       0.0  0.000          0.000000
587  0.000000     0.000000  0.000000e+00  0.000000e+00        0.0       0.0  0.000          0.000000
588  0.000000     0.000000  0.000000e+00  0.000000e+00        0.0       0.0  0.000          0.000000
589  0.000000     0.000000  0.000000e+00  0.000000e+00        0.0       0.0  0.000          0.000000
590  0.000000     0.000000  0.000000e+00  0.000000e+00        0.0       0.0  0.000          0.000000
591  0.000000     0.000000  0.000000e+00  0.000000e+00        0.0       0.0  0.000          0.000000
592  0.000000     0.000000  0.000000e+00  0.000000e+00        0.0       0.0  0.000          0.000000
593  0.000000     0.000000  0.000000e+00  0.000000e+00        0.0       0.0  0.000          0.000000
594  0.000000     0.000000  0.000000e+00  0.000000e+00        0.0       0.0  0.000          0.000000
595  0.000000     0.000000  0.000000e+00  0.000000e+00        0.0       0.0  0.000          0.000000
596  0.000000     0.000000  0.000000e+00  0.000000e+00        0.0       0.0  0.000          0.000000
597  0.000000     0.000000  0.000000e+00  0.000000e+00        0.0       0.0  0.000          0.000000
598  0.000000     0.000000  0.000000e+00  0.000000e+00        0.0       0.0  0.000          0.000000
599  0.000000     0.000000  0.000000e+00  0.000000e+00        0.0       0.0  0.000          0.000000
600  6.393135    45.637508  4.765337e+00  1.350445e-03    65536.0       0.1  0.010          0.979858
601  2.057415     4.296290  6.333357e-02  1.706392e-05    65536.0       0.1  0.010          0.979347
602  2.001060     4.006169  1.927216e-03  5.117641e-07    65536.0       0.1  0.010          0.979347
603  1.999907     3.999692  6.491737e-05  1.723995e-08    65536.0       0.1  0.010          0.979340
604  1.999973     3.999894  2.213503e-06  5.878999e-10    65536.0       0.1  0.010          0.979340
605  1.999995     3.999979  7.564218e-08  2.009182e-11    65536.0       0.1  0.010          0.979340
606  1.999999     3.999996  2.586118e-09  6.869539e-13    65536.0       0.1  0.010          0.979340
607  2.000000     3.999999  8.838752e-11  2.348970e-14    65536.0       0.1  0.010          0.979340
608  2.000000     4.000000  2.967848e-12  8.032259e-16    65536.0       0.1  0.010          0.979340
609  2.000000     4.000000  1.558753e-13  2.746641e-17    65536.0       0.1  0.010          0.979340
610  2.000000     4.000000 -7.283063e-14  9.392226e-19    65536.0       0.1  0.010          0.979340
611  0.000000     0.000000  0.000000e+00  0.000000e+00        0.0       0.0  0.000          0.000000
612  0.000000     0.000000  0.000000e+00  0.000000e+00        0.0       0.0  0.000          0.000000
613  0.000000     0.000000  0.000000e+00  0.000000e+00        0.0       0.0  0.000          0.000000
614  0.000000     0.000000  0.000000e+00  0.000000e+00        0.0       0.0  0.000          0.000000
615  0.000000     0.000000  0.000000e+00  0.000000e+00        0.0       0.0  0.000          0.000000
616  0.000000     0.000000  0.000000e+00  0.000000e+00        0.0       0.0  0.000          0.000000
617  0.000000     0.000000  0.000000e+00  0.000000e+00        0.0       0.0  0.000          0.000000
618  0.000000     0.000000  0.000000e+00  0.000000e+00        0.0       0.0  0.000          0.000000
619  0.000000     0.000000  0.000000e+00  0.000000e+00        0.0       0.0  0.000          0.000000
620  0.000000     0.000000  0.000000e+00  0.000000e+00        0.0       0.0  0.000          0.000000
621  0.000000     0.000000  0.000000e+00  0.000000e+00        0.0       0.0  0.000          0.000000
622  0.000000     0.000000  0.000000e+00  0.000000e+00        0.0       0.0  0.000          0.000000
623  0.000000     0.000000  0.000000e+00  0.000000e+00        0.0       0.0  0.000          0.000000
624  0.000000     0.000000  0.000000e+00  0.000000e+00        0.0       0.0  0.000          0.000000
625  0.000000     0.000000  0.000000e+00  0.000000e+00        0.0       0.0  0.000          0.000000
626  0.000000     0.000000  0.000000e+00  0.000000e+00        0.0       0.0  0.000          0.000000
627  0.000000     0.000000  0.000000e+00  0.000000e+00        0.0       0.0  0.000          0.000000
628  0.000000     0.000000  0.000000e+00  0.000000e+00        0.0       0.0  0.000          0.000000
629  0.000000     0.000000  0.000000e+00  0.000000e+00        0.0       0.0  0.000          0.000000
630  0.000000     0.000000  0.000000e+00  0.000000e+00        0.0       0.0  0.000          0.000000
631  0.000000     0.000000  0.000000e+00  0.000000e+00        0.0       0.0  0.000          0.000000
632  0.000000     0.000000  0.000000e+00  0.000000e+00        0.0       0.0  0.000          0.000000
633  0.000000     0.000000  0.000000e+00  0.000000e+00        0.0       0.0  0.000          0.000000
634  0.000000     0.000000  0.000000e+00  0.000000e+00        0.0       0.0  0.000          0.000000
635  0.000000     0.000000  0.000000e+00  0.000000e+00        0.0       0.0  0.000          0.000000
636  0.000000     0.000000  0.000000e+00  0.000000e+00        0.0       0.0  0.000          0.000000
637  0.000000     0.000000  0.000000e+00  0.000000e+00        0.0       0.0  0.000          0.000000
638  0.000000     0.000000  0.000000e+00  0.000000e+00        0.0       0.0  0.000          0.000000
639  0.000000     0.000000  0.000000e+00  0.000000e+00        0.0       0.0  0.000          0.000000
640  0.000000     0.000000  0.000000e+00  0.000000e+00        0.0       0.0  0.000          0.000000
641  0.000000     0.000000  0.000000e+00  0.000000e+00        0.0       0.0  0.000          0.000000
642  0.000000     0.000000  0.000000e+00  0.000000e+00        0.0       0.0  0.000          0.000000
643  0.000000     0.000000  0.000000e+00  0.000000e+00        0.0       0.0  0.000          0.000000
644  0.000000     0.000000  0.000000e+00  0.000000e+00        0.0       0.0  0.000          0.000000
645  0.000000     0.000000  0.000000e+00  0.000000e+00        0.0       0.0  0.000          0.000000
646  0.000000     0.000000  0.000000e+00  0.000000e+00        0.0       0.0  0.000          0.000000
647  0.000000     0.000000  0.000000e+00  0.000000e+00        0.0       0.0  0.000          0.000000
648  0.000000     0.000000  0.000000e+00  0.000000e+00        0.0       0.0  0.000          0.000000
649  0.000000     0.000000  0.000000e+00  0.000000e+00        0.0       0.0  0.000          0.000000
650  6.393135    45.637508  4.765337e+00  1.350445e-03    65536.0       0.1  0.050          0.979858
651  2.002174     4.012229  3.528958e-03  1.047229e-06    65536.0       0.1  0.050          0.979355
652  1.999885     3.999589  4.934744e-05  1.466470e-08    65536.0       0.1  0.050          0.979347
653  1.999980     3.999921  7.563062e-07  2.250190e-10    65536.0       0.1  0.050          0.979340
654  1.999997     3.999990  1.178990e-08  3.507933e-12    65536.0       0.1  0.050          0.979340
655  2.000000     3.999999  1.844866e-10  4.990839e-14    65536.0       0.1  0.050          0.979340
656  2.000000     4.000000  2.951417e-12  7.817689e-16    65536.0       0.1  0.050          0.979340
657  2.000000     4.000000  3.463896e-14  1.225120e-17    65536.0       0.1  0.050          0.979340
658  2.000000     4.000000 -8.704149e-14  1.920496e-19    65536.0       0.1  0.050          0.979340
659  0.000000     0.000000  0.000000e+00  0.000000e+00        0.0       0.0  0.000          0.000000
660  0.000000     0.000000  0.000000e+00  0.000000e+00        0.0       0.0  0.000          0.000000
661  0.000000     0.000000  0.000000e+00  0.000000e+00        0.0       0.0  0.000          0.000000
662  0.000000     0.000000  0.000000e+00  0.000000e+00        0.0       0.0  0.000          0.000000
663  0.000000     0.000000  0.000000e+00  0.000000e+00        0.0       0.0  0.000          0.000000
664  0.000000     0.000000  0.000000e+00  0.000000e+00        0.0       0.0  0.000          0.000000
665  0.000000     0.000000  0.000000e+00  0.000000e+00        0.0       0.0  0.000          0.000000
666  0.000000     0.000000  0.000000e+00  0.000000e+00        0.0       0.0  0.000          0.000000
667  0.000000     0.000000  0.000000e+00  0.000000e+00        0.0       0.0  0.000          0.000000
668  0.000000     0.000000  0.000000e+00  0.000000e+00        0.0       0.0  0.000          0.000000
669  0.000000     0.000000  0.000000e+00  0.000000e+00        0.0       0.0  0.000          0.000000
670  0.000000     0.000000  0.000000e+00  0.000000e+00        0.0       0.0  0.000          0.000000
671  0.000000     0.000000  0.000000e+00  0.000000e+00        0.0       0.0  0.000          0.000000
672  0.000000     0.000000  0.000000e+00  0.000000e+00        0.0       0.0  0.000          0.000000
673  0.000000     0.000000  0.000000e+00  0.000000e+00        0.0       0.0  0.000          0.000000
674  0.000000     0.000000  0.000000e+00  0.000000e+00        0.0       0.0  0.000          0.000000
675  0.000000     0.000000  0.000000e+00  0.000000e+00        0.0       0.0  0.000          0.000000
676  0.000000     0.000000  0.000000e+00  0.000000e+00        0.0       0.0  0.000          0.000000
677  0.000000     0.000000  0.000000e+00  0.000000e+00        0.0       0.0  0.000          0.000000
678  0.000000     0.000000  0.000000e+00  0.000000e+00        0.0       0.0  0.000          0.000000
679  0.000000     0.000000  0.000000e+00  0.000000e+00        0.0       0.0  0.000          0.000000
680  0.000000     0.000000  0.000000e+00  0.000000e+00        0.0       0.0  0.000          0.000000
681  0.000000     0.000000  0.000000e+00  0.000000e+00        0.0       0.0  0.000          0.000000
682  0.000000     0.000000  0.000000e+00  0.000000e+00        0.0       0.0  0.000          0.000000
683  0.000000     0.000000  0.000000e+00  0.000000e+00        0.0       0.0  0.000          0.000000
684  0.000000     0.000000  0.000000e+00  0.000000e+00        0.0       0.0  0.000          0.000000
685  0.000000     0.000000  0.000000e+00  0.000000e+00        0.0       0.0  0.000          0.000000
686  0.000000     0.000000  0.000000e+00  0.000000e+00        0.0       0.0  0.000          0.000000
687  0.000000     0.000000  0.000000e+00  0.000000e+00        0.0       0.0  0.000          0.000000
688  0.000000     0.000000  0.000000e+00  0.000000e+00        0.0       0.0  0.000          0.000000
689  0.000000     0.000000  0.000000e+00  0.000000e+00        0.0       0.0  0.000          0.000000
690  0.000000     0.000000  0.000000e+00  0.000000e+00        0.0       0.0  0.000          0.000000
691  0.000000     0.000000  0.000000e+00  0.000000e+00        0.0       0.0  0.000          0.000000
692  0.000000     0.000000  0.000000e+00  0.000000e+00        0.0       0.0  0.000          0.000000
693  0.000000     0.000000  0.000000e+00  0.000000e+00        0.0       0.0  0.000          0.000000
694  0.000000     0.000000  0.000000e+00  0.000000e+00        0.0       0.0  0.000          0.000000
695  0.000000     0.000000  0.000000e+00  0.000000e+00        0.0       0.0  0.000          0.000000
696  0.000000     0.000000  0.000000e+00  0.000000e+00        0.0       0.0  0.000          0.000000
697  0.000000     0.000000  0.000000e+00  0.000000e+00        0.0       0.0  0.000          0.000000
698  0.000000     0.000000  0.000000e+00  0.000000e+00        0.0       0.0  0.000          0.000000
699  0.000000     0.000000  0.000000e+00  0.000000e+00        0.0       0.0  0.000          0.000000
700  6.393135    45.637508  4.765337e+00  1.350445e-03    65536.0       0.1  0.100          0.979858
701  2.039324     4.195817  3.697525e-02  9.840930e-06    65536.0       0.1  0.100          0.979431
702  2.000143     4.000625  5.104749e-05  1.346588e-08    65536.0       0.1  0.100          0.979347
703  2.000004     4.000016  1.191600e-07  3.154268e-11    65536.0       0.1  0.100          0.979340
704  2.000000     4.000001  2.997487e-10  7.958030e-14    65536.0       0.1  0.100          0.979340
705  2.000000     4.000000  7.922552e-13  2.066930e-16    65536.0       0.1  0.100          0.979340
706  2.000000     4.000000 -2.309264e-14  5.457206e-19    65536.0       0.1  0.100          0.979340
707  0.000000     0.000000  0.000000e+00  0.000000e+00        0.0       0.0  0.000          0.000000
708  0.000000     0.000000  0.000000e+00  0.000000e+00        0.0       0.0  0.000          0.000000
709  0.000000     0.000000  0.000000e+00  0.000000e+00        0.0       0.0  0.000          0.000000
710  0.000000     0.000000  0.000000e+00  0.000000e+00        0.0       0.0  0.000          0.000000
711  0.000000     0.000000  0.000000e+00  0.000000e+00        0.0       0.0  0.000          0.000000
712  0.000000     0.000000  0.000000e+00  0.000000e+00        0.0       0.0  0.000          0.000000
713  0.000000     0.000000  0.000000e+00  0.000000e+00        0.0       0.0  0.000          0.000000
714  0.000000     0.000000  0.000000e+00  0.000000e+00        0.0       0.0  0.000          0.000000
715  0.000000     0.000000  0.000000e+00  0.000000e+00        0.0       0.0  0.000          0.000000
716  0.000000     0.000000  0.000000e+00  0.000000e+00        0.0       0.0  0.000          0.000000
717  0.000000     0.000000  0.000000e+00  0.000000e+00        0.0       0.0  0.000          0.000000
718  0.000000     0.000000  0.000000e+00  0.000000e+00        0.0       0.0  0.000          0.000000
719  0.000000     0.000000  0.000000e+00  0.000000e+00        0.0       0.0  0.000          0.000000
720  0.000000     0.000000  0.000000e+00  0.000000e+00        0.0       0.0  0.000          0.000000
721  0.000000     0.000000  0.000000e+00  0.000000e+00        0.0       0.0  0.000          0.000000
722  0.000000     0.000000  0.000000e+00  0.000000e+00        0.0       0.0  0.000          0.000000
723  0.000000     0.000000  0.000000e+00  0.000000e+00        0.0       0.0  0.000          0.000000
724  0.000000     0.000000  0.000000e+00  0.000000e+00        0.0       0.0  0.000          0.000000
725  0.000000     0.000000  0.000000e+00  0.000000e+00        0.0       0.0  0.000          0.000000
726  0.000000     0.000000  0.000000e+00  0.000000e+00        0.0       0.0  0.000          0.000000
727  0.000000     0.000000  0.000000e+00  0.000000e+00        0.0       0.0  0.000          0.000000
728  0.000000     0.000000  0.000000e+00  0.000000e+00        0.0       0.0  0.000          0.000000
729  0.000000     0.000000  0.000000e+00  0.000000e+00        0.0       0.0  0.000          0.000000
730  0.000000     0.000000  0.000000e+00  0.000000e+00        0.0       0.0  0.000          0.000000
731  0.000000     0.000000  0.000000e+00  0.000000e+00        0.0       0.0  0.000          0.000000
732  0.000000     0.000000  0.000000e+00  0.000000e+00        0.0       0.0  0.000          0.000000
733  0.000000     0.000000  0.000000e+00  0.000000e+00        0.0       0.0  0.000          0.000000
734  0.000000     0.000000  0.000000e+00  0.000000e+00        0.0       0.0  0.000          0.000000
735  0.000000     0.000000  0.000000e+00  0.000000e+00        0.0       0.0  0.000          0.000000
736  0.000000     0.000000  0.000000e+00  0.000000e+00        0.0       0.0  0.000          0.000000
737  0.000000     0.000000  0.000000e+00  0.000000e+00        0.0       0.0  0.000          0.000000
738  0.000000     0.000000  0.000000e+00  0.000000e+00        0.0       0.0  0.000          0.000000
739  0.000000     0.000000  0.000000e+00  0.000000e+00        0.0       0.0  0.000          0.000000
740  0.000000     0.000000  0.000000e+00  0.000000e+00        0.0       0.0  0.000          0.000000
741  0.000000     0.000000  0.000000e+00  0.000000e+00        0.0       0.0  0.000          0.000000
742  0.000000     0.000000  0.000000e+00  0.000000e+00        0.0       0.0  0.000          0.000000
743  0.000000     0.000000  0.000000e+00  0.000000e+00        0.0       0.0  0.000          0.000000
744  0.000000     0.000000  0.000000e+00  0.000000e+00        0.0       0.0  0.000          0.000000
745  0.000000     0.000000  0.000000e+00  0.000000e+00        0.0       0.0  0.000          0.000000
746  0.000000     0.000000  0.000000e+00  0.000000e+00        0.0       0.0  0.000          0.000000
747  0.000000     0.000000  0.000000e+00  0.000000e+00        0.0       0.0  0.000          0.000000
748  0.000000     0.000000  0.000000e+00  0.000000e+00        0.0       0.0  0.000          0.000000
749  0.000000     0.000000  0.000000e+00  0.000000e+00        0.0       0.0  0.000          0.000000
