         ThreadNr.             Alpha            Energy     EnergySquared          Variance           BootVar       BlockingVar   AcceptanceRatio        TotalSteps          TimeStep      LearningRate
                 0               0.4         24.969145         625.90777         2.4495604                 0                 0        0.97320557            131072               0.1             0.001
                 0        0.41331703         24.855817         619.61886         1.8072163                 0                 0        0.97078705            131072               0.1             0.001
                 0        0.42462342         24.721959         612.45864         1.2833827                 0                 0        0.96981049            131072               0.1             0.001
                 0         0.4335828         24.627065         607.48197        0.98964347                 0                 0        0.96918488            131072               0.1             0.001
                 0        0.44133038          24.59213         605.53609        0.76322915                 0                 0        0.96781921            131072               0.1             0.001
                 0          0.447997         24.531144         602.36352        0.58651534                 0                 0         0.9675293            131072               0.1             0.001
                 0        0.45376876          24.51928         601.66376        0.46868818                 0                 0        0.96744537            131072               0.1             0.001
                 0        0.45881444         24.479671         599.61632        0.36204305                 0                 0        0.96638489            131072               0.1             0.001
                 0         0.4631077         24.476743         599.39448         0.2835363                 0                 0         0.9666748            131072               0.1             0.001
                 0         0.4669254         24.438117         597.44557        0.22398486                 0                 0        0.96576691            131072               0.1             0.001
                 0        0.47027856         24.447015         597.84201        0.18545522                 0                 0        0.96530914            131072               0.1             0.001
                 0        0.47332197         24.429251         596.93105         0.1427662                 0                 0         0.9637146            131072               0.1             0.001
                 0        0.47594688         24.429189         596.90254        0.11727336                 0                 0        0.96401215            131072               0.1             0.001
                 0        0.47833431         24.428875         596.86183       0.091920279                 0                 0        0.96370697            131072               0.1             0.001
                 0        0.48042843         24.420562          596.4364       0.072540401                 0                 0        0.96450806            131072               0.1             0.001
                 0        0.48215363         24.411486         595.97998       0.059346283                 0                 0        0.96298218            131072               0.1             0.001
                 0        0.48371114         24.409439         595.87123        0.05053914                 0                 0        0.96316528            131072               0.1             0.001
                 0        0.48515222         24.413389          596.0541        0.04053712                 0                 0        0.96334076            131072               0.1             0.001
                 0        0.48643104         24.408617         595.81373       0.033159567                 0                 0        0.96342468            131072               0.1             0.001
                 0        0.48753691         24.405234         595.64364       0.028184516                 0                 0        0.96311188            131072               0.1             0.001
                 0        0.48854313            24.405         595.62826        0.02423957                 0                 0        0.96255493            262144               0.1             0.001
                 0        0.48946486         24.404463         595.59806       0.020256535                 0                 0        0.96290588            262144               0.1             0.001
                 0        0.49027396         24.402803         595.51438       0.017595924                 0                 0        0.96334076            262144               0.1             0.001
                 0        0.49103361         24.403234          595.5322       0.014383082                 0                 0        0.96281815            262144               0.1             0.001
                 0        0.49167589         24.405296         595.63128       0.012805143                 0                 0        0.96227646            262144               0.1             0.001
                 0        0.49227518         24.401577         595.44743       0.010477834                 0                 0        0.96207428            262144               0.1             0.001
                 0        0.49277525         24.399171         595.32902      0.0094817619                 0                 0        0.96232605            262144               0.1             0.001
                 0         0.4932178         24.400011         595.36887       0.008326721                 0                 0        0.96279144            262144               0.1             0.001
                 0         0.4936274         24.400667          595.4003       0.007752327                 0                 0        0.96192169            262144               0.1             0.001
                 0        0.49400968         24.401907         595.46014      0.0070603043                 0                 0         0.9618721            262144               0.1             0.001
                 0        0.49435406         24.402385         595.48283      0.0064377558                 0                 0        0.96194458            262144               0.1            0.0001
                 0        0.49438561         24.399147         595.32446      0.0061019681                 0                 0        0.96286774            262144               0.1            0.0001
                 0        0.49441542         24.399889         595.36104        0.00645645                 0                 0        0.96249008            262144               0.1            0.0001
                 0        0.49444554         24.400362         595.38375      0.0060896771                 0                 0        0.96166229            262144               0.1            0.0001
                 0        0.49447557         24.400184         595.37503       0.006028552                 0                 0        0.96209335            262144               0.1            0.0001
                 0        0.49450437          24.39901         595.31758      0.0059160462                 0                 0        0.96273422            262144               0.1            0.0001
                 0        0.49453256         24.399595         595.34614      0.0059272859                 0                 0        0.96220016            262144               0.1            0.0001
                 0        0.49455961         24.401127         595.42103      0.0060157156                 0                 0        0.96259308            262144               0.1            0.0001
                 0        0.49458849         24.399218         595.32765      0.0057941017                 0                 0        0.96287918            262144               0.1            0.0001
                 0        0.49461618         24.400132         595.37229      0.0058649594                 0                 0         0.9621048            262144               0.1            0.0001


Time elpased for 3 thread(s): 101.944
