         ThreadNr.             Alpha            Energy     EnergySquared          Variance           BootVar       BlockingVar   AcceptanceRatio        TotalSteps          TimeStep      LearningRate
                 0               0.6         272.14915         74090.369         25.207615                 0                 0        0.94149017            131072               0.1             0.001
                 0        0.49522732         266.47713         71011.207         1.1452765                 0                 0        0.95143127            131072               0.1             0.001
                 0        0.47916885         266.35741         70947.526         1.2579331                 0                 0        0.95524597            131072               0.1             0.001
                 0        0.48296215         266.42042         70981.139         1.2980759                 0                 0        0.95560455            131072               0.1             0.001
                 0        0.47901428         266.63693         71097.468          2.217323                 0                 0        0.93661499            131072               0.1             0.001
                 0        0.48382564         266.60736          71080.69         1.2080982                 0                 0        0.95219421            131072               0.1             0.001
                 0         0.4823661         266.86166         71220.321          5.177935                 0                 0        0.93603516            131072               0.1             0.001
                 0        0.48250242         267.04748          71316.16         1.8048603                 0                 0        0.93718719            131072               0.1             0.001
                 0        0.47986492         266.36018          70949.05         1.3043368                 0                 0        0.95533752            131072               0.1             0.001
                 0        0.48215833          266.8353         71203.238         2.1591564                 0                 0        0.93926239            131072               0.1             0.001
                 0         0.4821203         266.30801         70921.101         1.1424483                 0                 0        0.95575714            131072               0.1             0.001
                 0        0.48322982         266.47551         71010.359         1.1632786                 0                 0        0.95565796            131072               0.1             0.001
                 0        0.48131867         266.38172         70960.288         1.0653635                 0                 0        0.95598602            131072               0.1             0.001
                 0         0.4846507         266.51491         71031.281         1.0861137                 0                 0        0.95506287            131072               0.1             0.001
                 0        0.47968025         266.34943         70943.277         1.2590492                 0                 0        0.95579529            131072               0.1             0.001
                 0        0.48451628         266.82171         71199.542         5.7161963                 0                 0        0.94069672            131072               0.1             0.001
                 0        0.47566176         266.44091         70992.175         1.4164105                 0                 0        0.95620728            131072               0.1             0.001
                 0        0.48469576         266.78911         71320.411         143.98117                 0                 0        0.93695831            131072               0.1             0.001
                 0        0.47816173         266.40854         70974.771         1.2592627                 0                 0        0.95536804            131072               0.1             0.001
                 0        0.48273429         268.81757         72276.706         13.818522                 0                 0        0.93522644            131072               0.1             0.001
                 0        0.47755419         266.38476         70962.386         1.5453365                 0                 0        0.95595551            262144               0.1             0.001
                 0        0.48421817         267.40452         71513.299          8.123684                 0                 0        0.93616867            262144               0.1             0.001
                 0         0.4886682          266.3992         70969.583         1.0485609                 0                 0        0.95363235            262144               0.1             0.001
                 0        0.47988211         266.39548         70967.935         1.3813745                 0                 0        0.95512009            262144               0.1             0.001
                 0        0.48238154         266.25762          70894.67         1.5473859                 0                 0        0.95486832            262144               0.1             0.001
                 0        0.48401653         266.35357         70945.244          1.018293                 0                 0        0.95634842            262144               0.1             0.001
                 0        0.48358855         266.98426         71282.307         1.7102937                 0                 0        0.93442917            262144               0.1             0.001
                 0        0.48295488         266.28223         70907.224        0.99744428                 0                 0        0.95539093            262144               0.1             0.001
                 0        0.48379927         266.41071         70975.699         1.0301603                 0                 0        0.95455933            262144               0.1             0.001
                 0        0.48255871         266.41066         70975.854         1.2149182                 0                 0         0.9538002            262144               0.1             0.001
                 0        0.48265131         266.42737         70984.622         1.0769716                 0                 0        0.95545197            262144               0.1            0.0001
                 0        0.48276349         266.33159         70933.634         1.1176206                 0                 0        0.95524597            262144               0.1            0.0001
                 0        0.48266679         266.68051         71136.841         18.345064                 0                 0        0.93619156            262144               0.1            0.0001
                 0        0.48218898         266.48722         71016.759         1.3214431                 0                 0        0.95339966            262144               0.1            0.0001
                 0        0.48217758         267.02895         71306.114         1.6562456                 0                 0        0.94176865            262144               0.1            0.0001
                 0        0.48220097         266.37469         70956.613         1.1397225                 0                 0        0.95404434            262144               0.1            0.0001
                 0        0.48221279         266.25121         70890.878         1.1721714                 0                 0        0.95562744            262144               0.1            0.0001
                 0        0.48237958         266.36874         70953.418         1.1134892                 0                 0         0.9550209            262144               0.1            0.0001
                 0        0.48255695         266.25292         70891.733         1.1162937                 0                 0        0.95447922            262144               0.1            0.0001
                 0        0.48249317         266.39234         70965.953         1.0754559                 0                 0        0.95498657            262144               0.1            0.0001


Time elpased for 5 thread(s): 5466
