         ThreadNr.             Alpha            Energy     EnergySquared          Variance           BootVar       BlockingVar   AcceptanceRatio        TotalSteps          TimeStep      LearningRate
                 0               0.8         300.82192         90649.055         155.22547                 0                 0         0.9158783            131072               0.1             0.001
                 0         0.6071119         273.78502         74982.676         24.439911                 0                 0        0.94067383            131072               0.1             0.001
                 0        0.51289356         266.79836         71183.345         1.9793761                 0                 0         0.9515686            131072               0.1             0.001
                 0        0.48086444         266.38647         70962.878         1.1268087                 0                 0        0.95646667            131072               0.1             0.001
                 0        0.48311457         266.37024         70954.252         1.1450071                 0                 0        0.95485687            131072               0.1             0.001
                 0        0.48098471          266.4328         70987.517         1.0772081                 0                 0        0.95449066            131072               0.1             0.001
                 0         0.4836919         266.40878         70974.758         1.1184043                 0                 0        0.95458984            131072               0.1             0.001
                 0        0.48256494         266.29156         70912.301         1.1063605                 0                 0        0.95542908            131072               0.1             0.001
                 0        0.48225568         266.40614         70973.425         1.1942484                 0                 0        0.95336151            131072               0.1             0.001
                 0        0.48230928         266.33169         70933.892          1.322761                 0                 0        0.95437622            131072               0.1             0.001
                 0        0.48359999         266.36456         70951.157         1.0778305                 0                 0        0.95515442            131072               0.1             0.001
                 0        0.48132003         266.39184         70965.914         1.2993724                 0                 0        0.95555115            131072               0.1             0.001
                 0        0.48210288         266.26118         70896.198         1.1849173                 0                 0        0.95531464            131072               0.1             0.001
                 0        0.48158064         266.38223         70960.766         1.2732856                 0                 0        0.95456696            131072               0.1             0.001
                 0         0.4801966         266.43733         70990.146           1.29495                 0                 0        0.95562744            131072               0.1             0.001
                 0        0.48228156         266.88305         71230.725         4.1651633                 0                 0        0.93647766            131072               0.1             0.001
                 0        0.47878904         266.24919         70889.781         1.1493741                 0                 0        0.95623779            131072               0.1             0.001
                 0        0.48334429          266.2585         70894.647         1.0597849                 0                 0        0.95580292            131072               0.1             0.001
                 0        0.48239291         266.41319         70977.079          1.090775                 0                 0        0.95604706            131072               0.1             0.001
                 0        0.48400098         266.42228          70982.11         1.2777442                 0                 0        0.95500183            131072               0.1             0.001
                 0        0.48006639         266.30762         70920.941         1.1900073                 0                 0        0.95560837            262144               0.1             0.001
                 0         0.4811218         266.60397         71081.186         3.5075901                 0                 0        0.93672943            262144               0.1             0.001
                 0        0.48418648          266.3971         70968.447          1.029633                 0                 0        0.95517349            262144               0.1             0.001
                 0        0.48234605         266.62621         71091.177         1.6410278                 0                 0        0.94852829            262144               0.1             0.001
                 0         0.4779818         266.38166         70960.669         1.4796434                 0                 0         0.9561348            262144               0.1             0.001
                 0        0.48353333         266.30606         70919.997         1.0768611                 0                 0        0.95558167            262144               0.1             0.001
                 0        0.48371704         266.26624         70898.792         1.0797773                 0                 0        0.95547104            262144               0.1             0.001
                 0        0.48179689         266.43098          70987.19         1.7202442                 0                 0        0.95120621            262144               0.1             0.001
                 0        0.48240535         266.36476         70951.222         1.0375736                 0                 0        0.95526886            262144               0.1             0.001
                 0        0.48234057         266.78078         71182.184         10.198776                 0                 0         0.9354248            262144               0.1             0.001
                 0        0.48572853         266.37735         70957.955         1.0643822                 0                 0        0.95530319            262144               0.1            0.0001
                 0         0.4854228          266.9589         71274.634         7.5788764                 0                 0        0.93500519            262144               0.1            0.0001
                 0        0.48476872         266.99406          71352.19         66.362449                 0                 0        0.93498611            262144               0.1            0.0001
                 0        0.48555162         266.25403         70892.211         1.0024019                 0                 0        0.95477295            262144               0.1            0.0001
                 0         0.4852434         266.38511         70962.018        0.99107532                 0                 0        0.95473862            262144               0.1            0.0001
                 0        0.48494355         266.68602         71136.841         15.405681                 0                 0        0.93595886            262144               0.1            0.0001
                 0        0.48492977         268.80302         72317.893         62.829769                 0                 0        0.93538666            262144               0.1            0.0001
                 0        0.48317406         266.43599         70989.337         1.1985972                 0                 0         0.9546051            262144               0.1            0.0001
                 0        0.48295844         266.35617          70946.78         1.1714372                 0                 0        0.95474243            262144               0.1            0.0001
                 0        0.48274565         266.29701         70915.193         1.0970035                 0                 0        0.95610046            262144               0.1            0.0001


Time elpased for 7 thread(s): 5129.65
