         ThreadNr.             Alpha            Energy     EnergySquared          Variance           BootVar       BlockingVar   AcceptanceRatio        TotalSteps          TimeStep      LearningRate
                 0               0.2          182.9094         33732.873         277.02492                 0                 0        0.98749542            131072               0.1             0.001
                 0        0.83193595         145.85656         21352.193         78.055396                 0                 0        0.91435242            131072               0.1             0.001
                 0        0.74869662         138.89748         19342.309         49.799306                 0                 0        0.92851257            131072               0.1             0.001
                 0        0.67104877         134.07071         18002.807          27.85098                 0                 0        0.93637848            131072               0.1             0.001
                 0        0.60496983          129.8878         16882.386         11.545562                 0                 0        0.94582367            131072               0.1             0.001
                 0        0.55680564         128.38251          16486.25         4.1814215                 0                 0        0.95154572            131072               0.1             0.001
                 0        0.52534713         127.61569         16286.903         1.1388262                 0                 0        0.95503998            131072               0.1             0.001
                 0        0.50822252         127.38623         16227.645        0.39344669                 0                 0        0.95602417            131072               0.1             0.001
                 0        0.49829142         127.37088         16223.531        0.18944403                 0                 0        0.95743561            131072               0.1             0.001
                 0        0.49350655          127.3503         16218.271        0.17335608                 0                 0        0.95940399            131072               0.1             0.001
                 0        0.49149264         127.34975         16218.131        0.17339015                 0                 0        0.95933533            131072               0.1             0.001
                 0        0.49049089         127.27945         16200.237        0.17769664                 0                 0        0.95851898            131072               0.1             0.001
                 0        0.48947305         127.30767         16207.465         0.2234984                 0                 0         0.9578476            131072               0.1             0.001
                 0        0.48877128         127.28337         16201.256        0.19877762                 0                 0        0.95822144            131072               0.1             0.001
                 0        0.48902636         127.26135         16195.629        0.17806956                 0                 0        0.95843506            131072               0.1             0.001
                 0        0.48920336         127.30982         16208.002        0.21294894                 0                 0        0.95847321            131072               0.1             0.001
                 0        0.48914384         127.27212         16198.373        0.17973607                 0                 0        0.95851135            131072               0.1             0.001
                 0        0.48890634         127.28686         16202.135        0.19037484                 0                 0        0.95888519            131072               0.1             0.001
                 0        0.48909125         127.30429         16206.573        0.19110502                 0                 0        0.95926666            131072               0.1             0.001
                 0        0.48934012         127.38286         16226.689         0.2959167                 0                 0        0.95366669            131072               0.1             0.001
                 0        0.48903437          127.3436         16216.597        0.20457249                 0                 0        0.95898438            262144               0.1             0.001
                 0        0.48870589         127.30501         16206.776        0.21124103                 0                 0        0.95838928            262144               0.1             0.001
                 0        0.48877286         127.29927          16205.31        0.20643937                 0                 0        0.95832062            262144               0.1             0.001
                 0        0.48845433         127.30587         16206.987        0.20269317                 0                 0        0.95895386            262144               0.1             0.001
                 0        0.48877968         127.26702         16197.088         0.1935556                 0                 0        0.95875168            262144               0.1             0.001
                 0        0.48897943         127.30363         16206.409        0.19478488                 0                 0        0.95887756            262144               0.1             0.001
                 0        0.48925138         127.29295         16203.727        0.23157945                 0                 0        0.95882416            262144               0.1             0.001
                 0        0.48896823         127.31154         16208.419        0.19183104                 0                 0        0.95885849            262144               0.1             0.001
                 0        0.48914783         127.29702         16204.721         0.1893348                 0                 0        0.95861816            262144               0.1             0.001
                 0        0.48926451         127.31451         16209.182        0.19733778                 0                 0        0.95777512            262144               0.1             0.001
                 0        0.48940248         127.30109         16205.757        0.19053837                 0                 0        0.95906448            262144               0.1            0.0001


Time elpased for 1 thread(s): 949.826
