         ThreadNr.             Alpha            Energy     EnergySquared          Variance           BootVar       BlockingVar   AcceptanceRatio        TotalSteps          TimeStep      LearningRate
                 0               0.4         271.61364         73798.916         24.948314                 0                 0        0.96515656            131072               0.1             0.001
                 0        0.52237972         267.19795         71397.578         2.8358204                 0                 0        0.94586182            131072               0.1             0.001
                 0        0.48579694          266.2541         70892.283         1.0360442                 0                 0        0.95552826            131072               0.1             0.001
                 0        0.48314868         266.21733         70872.614        0.94645798                 0                 0        0.95547485            131072               0.1             0.001
                 0         0.4829955         266.43414         70988.758         1.6100052                 0                 0        0.93521881            131072               0.1             0.001
                 0        0.48150769         266.33584         70935.869         1.0869382                 0                 0        0.95553589            131072               0.1             0.001
                 0        0.48395947         266.25848         70894.731         1.1516701                 0                 0        0.95521545            131072               0.1             0.001
                 0        0.48319506         267.51507         71566.354         2.0419905                 0                 0        0.93598938            131072               0.1             0.001
                 0        0.48240987         266.33536           70935.7         1.1776797                 0                 0        0.95626068            131072               0.1             0.001
                 0        0.48234245         266.26984         70900.654         1.0262323                 0                 0        0.95561218            131072               0.1             0.001
                 0        0.48052457         20266.377     4.1072603e+08    -0.00092846155                 0                 0                 0            131072               0.1             0.001


Time elpased for 3 thread(s): 984.346
