         ThreadNr.             Alpha            Energy     EnergySquared          Variance           BootVar       BlockingVar   AcceptanceRatio        TotalSteps          TimeStep      LearningRate
                 0               0.2         34.793348         1262.5663         51.989194                 0                 0        0.99017334            131072               0.1             0.001
                 0        0.31887605         26.894386         734.33776         11.029761                 0                 0         0.9801178            131072               0.1             0.001
                 0        0.35485715         25.773497         670.30099         6.0278365                 0                 0         0.9764328            131072               0.1             0.001
                 0        0.37872353         25.305577          644.3051         3.9328498                 0                 0        0.97438812            131072               0.1             0.001
                 0        0.39653898         25.032628         629.35934         2.7268884                 0                 0        0.97273254            131072               0.1             0.001
                 0        0.41069982         24.798801         616.95536         1.9748192                 0                 0        0.97086334            131072               0.1             0.001
                 0        0.42233112         24.688213         610.87248         1.3646095                 0                 0        0.96946716            131072               0.1             0.001
                 0        0.43142679         24.668654         609.63791         1.0954446                 0                 0         0.9690094            131072               0.1             0.001
                 0        0.43948694         24.581976         605.08817        0.81463317                 0                 0        0.96833801            131072               0.1             0.001
                 0        0.44649828         24.558549         603.76905        0.64669719                 0                 0         0.9670105            131072               0.1             0.001
                 0         0.4526358         24.512928         601.37575        0.49209908                 0                 0        0.96665955            131072               0.1             0.001
                 0        0.45777884         24.498995         600.57153        0.37077365                 0                 0        0.96626282            131072               0.1             0.001
                 0        0.46216642         24.470019         599.07535        0.29349332                 0                 0        0.96525574            131072               0.1             0.001
                 0        0.46600867         24.450569         598.06527        0.23492972                 0                 0        0.96524048            131072               0.1             0.001
                 0        0.46938876         24.447423         597.86575         0.1892744                 0                 0        0.96431732            131072               0.1             0.001
                 0         0.4724448         24.435566          597.2469        0.15001917                 0                 0        0.96453857            131072               0.1             0.001
                 0        0.47512689         24.420906         596.50217        0.12151146                 0                 0        0.96485138            131072               0.1             0.001
                 0        0.47753458         24.423454         596.59995       0.094827865                 0                 0        0.96398926            131072               0.1             0.001
                 0        0.47954312         24.415974         596.21836       0.078589598                 0                 0        0.96445465            131072               0.1             0.001
                 0        0.48139079         24.405095          595.6718       0.063148045                 0                 0        0.96433258            131072               0.1             0.001
                 0         0.4829748         24.410827         595.94302        0.05455259                 0                 0        0.96405411            262144               0.1             0.001
                 0        0.48449256         24.413108         596.04488       0.045050408                 0                 0        0.96376038            262144               0.1             0.001
                 0        0.48582401         24.408583         595.81549       0.036569217                 0                 0        0.96264267            262144               0.1             0.001
                 0         0.4869485         24.403422         595.55831       0.031300953                 0                 0        0.96324158            262144               0.1             0.001
                 0        0.48804493         24.405198         595.64008       0.026390305                 0                 0        0.96295166            262144               0.1             0.001
                 0        0.48901516         24.403696         595.56229         0.0219255                 0                 0        0.96253204            262144               0.1             0.001
                 0        0.48986412         24.399479         595.35274       0.018158061                 0                 0        0.96260834            262144               0.1             0.001
                 0         0.4906171         24.402858         595.51528       0.015785204                 0                 0        0.96318436            262144               0.1             0.001
                 0        0.49129293         24.404158         595.57677       0.013849193                 0                 0        0.96232224            262144               0.1             0.001
                 0        0.49193773         24.399763         595.36008       0.011666598                 0                 0          0.962883            262144               0.1             0.001
                 0         0.4924873         24.399471          595.3443       0.010129713                 0                 0        0.96292496            262144               0.1            0.0001
                 0        0.49253694         24.401217         595.42971       0.010310093                 0                 0        0.96309662            262144               0.1            0.0001
                 0        0.49258639          24.39897          595.3197      0.0099706703                 0                 0         0.9624939            262144               0.1            0.0001
                 0        0.49263455         24.403364         595.53445       0.010287682                 0                 0        0.96193314            262144               0.1            0.0001
                 0        0.49268297         24.402039          595.4692      0.0096833952                 0                 0        0.96225357            262144               0.1            0.0001
                 0        0.49273106           24.3989         595.31596      0.0096297862                 0                 0        0.96202087            262144               0.1            0.0001
                 0        0.49277718         24.400836         595.41033       0.009539261                 0                 0        0.96193314            262144               0.1            0.0001
                 0        0.49282422         24.401174         595.42655      0.0092627318                 0                 0         0.9630127            262144               0.1            0.0001
                 0        0.49286923         24.400611         595.39902      0.0092038789                 0                 0        0.96205521            262144               0.1            0.0001
                 0        0.49291506         24.401814         595.45795       0.009440127                 0                 0        0.96295929            262144               0.1            0.0001


Time elpased for 1 thread(s): 88.1899
