         ThreadNr.             Alpha            Energy     EnergySquared          Variance           BootVar       BlockingVar   AcceptanceRatio        TotalSteps          TimeStep      LearningRate
                 0               0.8          27.10834         747.46446         12.602332                 0                 0         0.9236908            131072               0.1             0.001
                 0        0.78445186         27.045529         742.75515         11.294498                 0                 0        0.92658234            131072               0.1             0.001
                 0        0.76963427         26.638679         720.19919         10.579955                 0                 0        0.92758942            131072               0.1             0.001
                 0        0.75501337         26.559998         714.70199         9.2684808                 0                 0        0.93031311            131072               0.1             0.001
                 0        0.74114892         26.416754         706.30514         8.4602609                 0                 0        0.93184662            131072               0.1             0.001
                 0        0.72745115         26.133813         690.81092         7.8347187                 0                 0        0.93571472            131072               0.1             0.001
                 0        0.71385536         25.981876         681.98732         6.9294515                 0                 0        0.93697357            131072               0.1             0.001
                 0        0.70111111         25.878608         675.85547         6.1531077                 0                 0        0.93634796            131072               0.1             0.001
                 0        0.68884369         25.716298         666.89725         5.5692815                 0                 0        0.93788147            131072               0.1             0.001
                 0        0.67697018          25.48901         654.62521          4.935598                 0                 0        0.94134521            131072               0.1             0.001
                 0        0.66561004         25.484606         653.86038          4.395254                 0                 0        0.94108582            131072               0.1             0.001
                 0        0.65449858         25.296246          643.8697         3.9696305                 0                 0        0.94417572            131072               0.1             0.001
                 0        0.64385181         25.260209          641.4498         3.3716273                 0                 0        0.94451904            131072               0.1             0.001
                 0        0.63402726         25.080607         631.95034         2.9135128                 0                 0        0.94566345            131072               0.1             0.001
                 0        0.62484649         25.041262          629.6817         2.6168864                 0                 0        0.94696045            131072               0.1             0.001
                 0        0.61591687         24.976667         626.14436         2.3104848                 0                 0         0.9482193            131072               0.1             0.001
                 0        0.60741348          24.90897         622.43176         1.9749792                 0                 0        0.94891357            131072               0.1             0.001
                 0        0.59947601         24.800569         616.86695         1.7987427                 0                 0        0.95002747            131072               0.1             0.001
                 0        0.59170669         24.824483         617.77907         1.5241214                 0                 0        0.94999695            131072               0.1             0.001
                 0        0.58441912         24.724446         612.62255         1.3243404                 0                 0        0.95210266            131072               0.1             0.001
                 0        0.57760398         24.666288         609.56804         1.1422867                 0                 0        0.95196915            262144               0.1             0.001
                 0        0.57102828         24.664046         609.27061        0.95545542                 0                 0         0.9539032            262144               0.1             0.001
                 0        0.56504444         24.615002         606.67785        0.77954549                 0                 0        0.95360565            262144               0.1             0.001
                 0        0.55969918         24.559797         603.86943        0.68582494                 0                 0        0.95462418            262144               0.1             0.001
                 0         0.5545379         24.539023          602.7409        0.57724749                 0                 0        0.95526123            262144               0.1             0.001
                 0        0.54978858          24.52201         601.83248        0.50349152                 0                 0        0.95653152            262144               0.1             0.001
                 0        0.54517322         24.501111         600.72326        0.41881789                 0                 0        0.95681763            262144               0.1             0.001
                 0        0.54093717         24.480862         599.65624        0.34363589                 0                 0        0.95704651            262144               0.1             0.001
                 0        0.53710307         24.486863         599.88883        0.28234509                 0                 0        0.95744324            262144               0.1             0.001
                 0        0.53361492         24.457363         598.40444        0.24185784                 0                 0        0.95609283            262144               0.1             0.001
                 0        0.53032567         24.455621         598.27431        0.19689004                 0                 0        0.95797729            262144               0.1            0.0001
                 0        0.53002964         24.449382          597.9682        0.19592083                 0                 0        0.95906448            262144               0.1            0.0001
                 0        0.52972877         24.452293         598.10089        0.18626619                 0                 0        0.95775986            262144               0.1            0.0001
                 0        0.52944114         24.443382         597.66763        0.18872676                 0                 0        0.95816803            262144               0.1            0.0001
                 0        0.52914674         24.447226          597.8492        0.18232359                 0                 0         0.9591713            262144               0.1            0.0001
                 0        0.52885773         24.437089         597.34821        0.17690008                 0                 0        0.95804214            262144               0.1            0.0001
                 0        0.52857437         24.456084         598.26837        0.16831071                 0                 0         0.9587326            262144               0.1            0.0001
                 0        0.52830229         24.446755         597.81593         0.1720831                 0                 0        0.95862198            262144               0.1            0.0001
                 0        0.52802314         24.447689         597.86343        0.17395479                 0                 0         0.9586525            262144               0.1            0.0001
                 0        0.52773939         24.437554         597.36409        0.17002121                 0                 0        0.95894623            262144               0.1            0.0001


Time elpased for 7 thread(s): 89.579
