         ThreadNr.             Alpha            Energy     EnergySquared          Variance           BootVar       BlockingVar   AcceptanceRatio        TotalSteps          TimeStep      LearningRate
                 0               0.6          24.79936         616.82622         1.8179411                 0                 0        0.95103455            131072               0.1             0.001
                 0        0.59213145         24.767559         614.97118         1.5391878                 0                 0        0.95056152            131072               0.1             0.001
                 0        0.58490131         24.694223          611.1017         1.2970598                 0                 0        0.95135498            131072               0.1             0.001
                 0        0.57825452         24.655377         608.98984         1.1022082                 0                 0        0.95323181            131072               0.1             0.001
                 0        0.57198949         24.623093         607.27718        0.98045793                 0                 0        0.95328522            131072               0.1             0.001
                 0        0.56586883         24.573658         604.69668        0.83200909                 0                 0         0.9539032            131072               0.1             0.001
                 0        0.56013937          24.56428         604.13044        0.72658705                 0                 0        0.95333862            131072               0.1             0.001
                 0         0.5547043         24.538606         602.71817         0.5749953                 0                 0        0.95568848            131072               0.1             0.001
                 0        0.54993363         24.521343         601.79437        0.49809542                 0                 0        0.95635223            131072               0.1             0.001
                 0        0.54543538         24.518407         601.54811        0.39582026                 0                 0         0.9561615            131072               0.1             0.001
                 0         0.5414919         24.490883          600.1544         0.3510714                 0                 0        0.95693207            131072               0.1             0.001
                 0        0.53764927         24.476328         599.37122        0.28058952                 0                 0         0.9575119            131072               0.1             0.001
                 0        0.53421082         24.459631         598.51588           0.24232                 0                 0        0.95800781            131072               0.1             0.001
                 0        0.53091274         24.448257         597.92179        0.20449785                 0                 0        0.95802307            131072               0.1             0.001
                 0        0.52785953         24.430614         597.02134        0.16643076                 0                 0        0.95871735            131072               0.1             0.001
                 0        0.52506381         24.433516         597.13233        0.13560394                 0                 0        0.95939636            131072               0.1             0.001
                 0        0.52256646         24.425935         596.74017        0.11388512                 0                 0        0.95970917            131072               0.1             0.001
                 0        0.52023326         24.416185         596.24502       0.094936454                 0                 0        0.95953369            131072               0.1             0.001
                 0         0.5181075          24.40797         595.82798        0.07896005                 0                 0        0.95901489            131072               0.1             0.001
                 0        0.51609827         24.411657         595.98914       0.060135201                 0                 0         0.9602356            131072               0.1             0.001
                 0        0.51439811         24.421364          596.4527       0.049666414                 0                 0        0.95936203            262144               0.1             0.001
                 0        0.51286516         24.418879         596.32305       0.041389124                 0                 0        0.96039581            262144               0.1             0.001
                 0        0.51145181         24.407087         595.74069       0.034815014                 0                 0        0.95985031            262144               0.1             0.001
                 0        0.51013059         24.408215          595.7894       0.028426703                 0                 0        0.96035385            262144               0.1             0.001
                 0        0.50893587         24.402727         595.51691        0.02383296                 0                 0        0.96104813            262144               0.1             0.001
                 0        0.50782332          24.40456         595.60161       0.019041626                 0                 0        0.96077347            262144               0.1             0.001
                 0        0.50684421         24.406816         595.70912       0.016439212                 0                 0        0.96115494            262144               0.1             0.001
                 0        0.50591167         24.403823         595.55954       0.012960114                 0                 0        0.96143723            262144               0.1             0.001
                 0        0.50511556         24.403393         595.53668       0.011095931                 0                 0        0.96203613            262144               0.1             0.001
                 0        0.50436091         24.404445         595.58602      0.0090713975                 0                 0        0.96123123            262144               0.1             0.001
                 0        0.50370018         24.402684         595.49866      0.0076530755                 0                 0        0.96142197            262144               0.1            0.0001
                 0         0.5036395         24.402207         595.47512      0.0074242733                 0                 0        0.96111679            262144               0.1            0.0001
                 0        0.50357986         24.400658         595.39951      0.0074055487                 0                 0         0.9614296            262144               0.1            0.0001
                 0         0.5035195         24.400167         595.37537      0.0072020943                 0                 0         0.9607811            262144               0.1            0.0001
                 0        0.50346054         24.402091         595.46969      0.0076494352                 0                 0        0.96150589            262144               0.1            0.0001
                 0        0.50340199         24.405499         595.63562      0.0072476344                 0                 0        0.96114349            262144               0.1            0.0001
                 0        0.50334431         24.402477         595.48791      0.0070402383                 0                 0        0.96142578            262144               0.1            0.0001
                 0        0.50328646         24.400249         595.37954       0.007401835                 0                 0        0.96213913            262144               0.1            0.0001
                 0        0.50322862         24.402321         595.47992      0.0066274563                 0                 0        0.96229553            262144               0.1            0.0001
                 0        0.50317295         24.402818         595.50413      0.0065984054                 0                 0        0.96200943            262144               0.1            0.0001


Time elpased for 5 thread(s): 105.965
