         ThreadNr.             Alpha            Energy     EnergySquared          Variance           BootVar       BlockingVar   AcceptanceRatio        TotalSteps          TimeStep      LearningRate
                 0               0.4         129.86378          16876.84         12.239238                 0                 0        0.92941284            131072               0.1             0.001
                 0        0.46429449         127.50007         16257.538         1.2704073                 0                 0        0.96038055            131072               0.1             0.001
                 0        0.47933489         127.31171         16208.637        0.36504651                 0                 0        0.96033478            131072               0.1             0.001
                 0        0.48359067         127.28459         16201.642        0.27439455                 0                 0        0.95913696            131072               0.1             0.001
                 0        0.48616026         127.34325         16216.559        0.25638712                 0                 0        0.95863342            131072               0.1             0.001
                 0        0.48811451         127.38474         16227.876         1.0031361                 0                 0        0.94926453            131072               0.1             0.001
                 0        0.48793584         127.30619         16207.085        0.21936967                 0                 0        0.95816803            131072               0.1             0.001
                 0         0.4880749          127.3071         16207.712         0.6132883                 0                 0         0.9585495            131072               0.1             0.001
                 0        0.48918588         127.32679         16212.293        0.18197095                 0                 0        0.95817566            131072               0.1             0.001
                 0        0.48940751         127.45971         16246.372        0.39451121                 0                 0         0.9443512            131072               0.1             0.001
                 0        0.48862184         127.30976         16207.995        0.21983155                 0                 0        0.95925903            131072               0.1             0.001
                 0        0.48880917         127.31186         16208.501        0.19008494                 0                 0        0.95835114            131072               0.1             0.001
                 0        0.48850535         127.27362         16198.764        0.19026147                 0                 0        0.95846558            131072               0.1             0.001
                 0        0.48888981         127.33136         16213.492        0.21779268                 0                 0        0.95805359            131072               0.1             0.001
                 0        0.48868107         127.29408         16204.017        0.23314692                 0                 0        0.95868683            131072               0.1             0.001
                 0         0.4888223           127.329         16212.897         0.2219926                 0                 0        0.95893097            131072               0.1             0.001
                 0        0.48903954         127.25975         16195.245        0.20078785                 0                 0        0.95842743            131072               0.1             0.001
                 0        0.48966982         127.32442         16211.731         0.2230935                 0                 0        0.95834351            131072               0.1             0.001
                 0        0.48888463         127.71138         16310.757        0.56004074                 0                 0        0.92144775            131072               0.1             0.001
                 0        0.48897587         127.30256         16206.142        0.19978435                 0                 0        0.95948792            131072               0.1             0.001
                 0        0.48902724         127.28135         16200.745        0.20368486                 0                 0        0.95861435            262144               0.1             0.001
                 0        0.48896873         127.27981         16200.339        0.18795776                 0                 0        0.95879364            262144               0.1             0.001
                 0        0.48919091           127.323         16211.359        0.21380747                 0                 0        0.95649719            262144               0.1             0.001
                 0        0.48902338         127.31962         16210.502        0.21700468                 0                 0        0.95864105            262144               0.1             0.001
                 0         0.4893301         127.28982         16202.883        0.18384018                 0                 0        0.95912552            262144               0.1             0.001
                 0        0.48937848         127.31242         16208.645        0.19258605                 0                 0        0.95851135            262144               0.1             0.001
                 0        0.48903018          127.2902         16202.994        0.19966213                 0                 0        0.95854187            262144               0.1             0.001
                 0        0.48910164         127.32213         16211.123         0.1975887                 0                 0        0.95866394            262144               0.1             0.001
                 0         0.4888846         127.28753         16202.323        0.20723708                 0                 0        0.95898438            262144               0.1             0.001
                 0        0.48890074         127.28206         16200.913         0.1906829                 0                 0        0.95801163            262144               0.1             0.001
                 0         0.4891378         127.28725         16202.248        0.20422969                 0                 0        0.95861435            262144               0.1            0.0001
                 0        0.48910542         127.32717          16212.41        0.20265969                 0                 0        0.95790863            262144               0.1            0.0001


Time elpased for 3 thread(s): 1249.59
