         ThreadNr.             Alpha            Energy     EnergySquared          Variance           BootVar       BlockingVar   AcceptanceRatio        TotalSteps          TimeStep      LearningRate
                 0               0.8         143.03203         20529.606         71.444193                 0                 0        0.91657257            131072               0.1             0.001
                 0        0.71444504         136.77345         18745.421         38.444711                 0                 0        0.93109894            131072               0.1             0.001
                 0        0.64506497         132.23897         17507.221         20.075691                 0                 0        0.94051361            131072               0.1             0.001
                 0        0.58899369         129.45538          16767.57         8.8740048                 0                 0        0.94622803            131072               0.1             0.001
                 0        0.54745004         127.97368         16380.288         3.0258956                 0                 0        0.95322418            131072               0.1             0.001
                 0        0.51998099         127.56839         16274.575        0.88006064                 0                 0        0.95420837            131072               0.1             0.001
                 0        0.50487349         127.37877         16225.677        0.32682928                 0                 0        0.95703888            131072               0.1             0.001
                 0         0.4964759         127.36354         16221.651        0.18009458                 0                 0        0.95424652            131072               0.1             0.001
                 0        0.49289057         127.32671         16212.254        0.16278947                 0                 0         0.9588623            131072               0.1             0.001
                 0        0.49115081         127.32803         16212.625         0.1970475                 0                 0        0.95838165            131072               0.1             0.001
                 0        0.48961371         127.30886         16207.784        0.23858996                 0                 0        0.95878601            131072               0.1             0.001
                 0        0.48959736         127.32141         16210.946        0.20484026                 0                 0        0.95826721            131072               0.1             0.001
                 0        0.48917982         127.31796         16210.054        0.19079404                 0                 0        0.95927429            131072               0.1             0.001
                 0        0.48884835         127.30852         16207.668        0.20797059                 0                 0         0.9591217            131072               0.1             0.001
                 0        0.48801795         127.31103         16208.298         0.1998289                 0                 0         0.9590683            131072               0.1             0.001
                 0        0.48838475           127.261         16195.558        0.19672467                 0                 0        0.95926666            131072               0.1             0.001
                 0         0.4884498          127.3026         16206.168        0.21550214                 0                 0        0.95867157            131072               0.1             0.001
                 0        0.48847149         127.32665         16212.283        0.20842105                 0                 0        0.95865631            131072               0.1             0.001
                 0        0.48871676         127.31097         16208.278        0.19488408                 0                 0        0.95848846            131072               0.1             0.001
                 0        0.48821397         127.31535         16209.422        0.22323582                 0                 0        0.95865631            131072               0.1             0.001
                 0        0.48832952         127.31016          16208.09        0.21329811                 0                 0        0.95886612            262144               0.1             0.001
                 0        0.48839234         127.29699         16204.726        0.20230172                 0                 0        0.95860291            262144               0.1             0.001
                 0        0.48879849         127.28873         16202.609        0.18722463                 0                 0        0.95813751            262144               0.1             0.001
                 0        0.48906815         127.30417          16206.55        0.19927546                 0                 0        0.95861435            262144               0.1             0.001
                 0        0.48926193         127.30304         16206.252        0.18926053                 0                 0        0.95825958            262144               0.1             0.001
                 0        0.48909195          127.3143         16209.127        0.19628634                 0                 0        0.95824432            262144               0.1             0.001
                 0        0.48892426         127.31394         16209.034        0.19509005                 0                 0        0.95943069            262144               0.1             0.001
                 0        0.48881764         127.30864         16207.709        0.21945715                 0                 0        0.95936584            262144               0.1             0.001
                 0        0.48864796         127.30641          16207.12        0.19840726                 0                 0        0.95949936            262144               0.1             0.001
                 0        0.48841231         127.29365         16203.878         0.2045078                 0                 0        0.95847702            262144               0.1             0.001
                 0        0.48880973         127.30693         16207.246         0.1932743                 0                 0        0.95943832            262144               0.1            0.0001
                 0        0.48882511         127.31367         16208.967        0.19612474                 0                 0        0.95907593            262144               0.1            0.0001


Time elpased for 7 thread(s): 1019.9
