         ThreadNr.             Alpha            Energy     EnergySquared          Variance           BootVar       BlockingVar   AcceptanceRatio        TotalSteps          TimeStep      LearningRate
                 0               0.6          129.9224         16889.617         9.7876682                 0                 0        0.94620514            131072               0.1             0.001
                 0        0.55927512           128.526         16523.155         4.2221906                 0                 0        0.95116425            131072               0.1             0.001
                 0         0.5286131         127.71665         16312.845         1.3028801                 0                 0        0.95505524            131072               0.1             0.001
                 0        0.51102279         127.41298         16234.504        0.43776421                 0                 0        0.95630646            131072               0.1             0.001
                 0        0.50084379         127.31777         16210.007        0.19278208                 0                 0        0.95869446            131072               0.1             0.001
                 0        0.49515475           127.298         16204.968        0.18638105                 0                 0        0.95824432            131072               0.1             0.001
                 0        0.49129804         127.34381         16216.623         0.1763316                 0                 0        0.95818329            131072               0.1             0.001
                 0        0.48989865         127.30618         16207.059        0.19577774                 0                 0        0.95739746            131072               0.1             0.001
                 0        0.48923062         127.30584         16206.975        0.19770025                 0                 0        0.95941162            131072               0.1             0.001
                 0        0.48893107         127.61877         16287.093        0.54249489                 0                 0        0.93730164            131072               0.1             0.001
                 0         0.4882006         128.22103         16441.949         1.3163756                 0                 0        0.92029572            131072               0.1             0.001
                 0        0.48864573         127.32188         16211.057        0.19740648                 0                 0        0.95928192            131072               0.1             0.001
                 0        0.48875135         127.25083         16192.964        0.18930434                 0                 0        0.95897675            131072               0.1             0.001
                 0        0.48876231         127.31223         16208.609        0.20479391                 0                 0        0.95707703            131072               0.1             0.001
                 0        0.48852828         127.31599         16209.578        0.21582792                 0                 0        0.95860291            131072               0.1             0.001
                 0         0.4888408         127.32288          16211.31        0.19357945                 0                 0        0.95928192            131072               0.1             0.001
                 0        0.48856029         127.29262         16203.622        0.21098827                 0                 0        0.95802307            131072               0.1             0.001
                 0         0.4882893         127.34971         16218.163        0.21330634                 0                 0        0.95874023            131072               0.1             0.001
                 0        0.48860155         127.29805         16205.014        0.21908172                 0                 0        0.95907593            131072               0.1             0.001
                 0        0.48881375         127.36015         16220.847        0.23970898                 0                 0        0.95696259            131072               0.1             0.001
                 0        0.48884349         127.32155         16210.985        0.20690899                 0                 0        0.95879745            262144               0.1             0.001
                 0        0.48866695         127.27844         16200.003        0.20093216                 0                 0         0.9591217            262144               0.1             0.001
                 0        0.48896248         127.31921         16210.379        0.19680839                 0                 0        0.95810699            262144               0.1             0.001
                 0        0.48899941          127.2967         16204.643        0.19292345                 0                 0         0.9586525            262144               0.1             0.001
                 0        0.48883949         127.26377         16196.266        0.19794365                 0                 0        0.95878983            262144               0.1             0.001
                 0        0.48863743         127.30907         16207.812        0.21306443                 0                 0        0.95884705            262144               0.1             0.001
                 0        0.48901665         127.30386         16206.473        0.20065612                 0                 0        0.95852661            262144               0.1             0.001
                 0        0.48905869            127.31         16208.041        0.20430831                 0                 0        0.95848083            262144               0.1             0.001
                 0         0.4888379         127.45324         16244.722         0.3944518                 0                 0        0.95136261            262144               0.1             0.001
                 0        0.48784386         127.30386         16206.483        0.20979158                 0                 0         0.9590416            262144               0.1             0.001
                 0        0.48845242          127.2945         16204.095        0.20535732                 0                 0        0.95820618            262144               0.1            0.0001
                 0        0.48848519         127.34726         16217.533        0.20926834                 0                 0        0.95908356            262144               0.1            0.0001
                 0        0.48855404         127.31457         16209.219        0.21910595                 0                 0        0.95886612            262144               0.1            0.0001


Time elpased for 5 thread(s): 1252.04
