         ThreadNr.             Alpha            Energy     EnergySquared          Variance           BootVar       BlockingVar   AcceptanceRatio        TotalSteps          TimeStep      LearningRate
                 0               0.2         372.11561          139128.6         658.56786                 0                 0        0.98535919            131072               0.1             0.001
                 0         1.8847907         565.27724         321585.73          2047.371                 0                 0        0.75828552            131072               0.1             0.001
                 0         1.5875258           488.602         240046.01         1314.0953                 0                 0        0.79705048            131072               0.1             0.001
                 0         1.3141933         416.58994         174319.87          772.6943                 0                 0        0.84428406            131072               0.1             0.001
                 0         1.0572665         353.82903         125614.72         419.73107                 0                 0        0.88384247            131072               0.1             0.001
                 0        0.82197789         305.25123         93339.646         161.33039                 0                 0        0.91322327            131072               0.1             0.001
                 0        0.63550335         276.38715         76431.574         41.718003                 0                 0        0.93730927            131072               0.1             0.001
                 0         0.5089924         268.02419          71838.84         1.8730327                 0                 0        0.93399048            131072               0.1             0.001
                 0        0.48022568         266.27524         70903.703         1.1987266                 0                 0        0.95392609            131072               0.1             0.001
                 0        0.48162059         266.37475         70956.658         1.1486382                 0                 0        0.95613098            131072               0.1             0.001
                 0        0.48406907         266.34728          70941.95         1.0788707                 0                 0        0.95572662            131072               0.1             0.001
                 0        0.48205677         266.36406         70951.083         1.2719532                 0                 0        0.95593262            131072               0.1             0.001
                 0          0.485523         266.56505         71057.983         1.0587612                 0                 0        0.95236206            131072               0.1             0.001
                 0        0.48430861         266.89601         71236.448          2.969107                 0                 0        0.93652344            131072               0.1             0.001
                 0        0.48085535         266.35022          70943.69         1.2500023                 0                 0        0.95544434            131072               0.1             0.001
                 0        0.48237982         266.52528         71037.304         1.5803109                 0                 0        0.94848633            131072               0.1             0.001
                 0        0.47738657         266.29499         70914.631         1.6108706                 0                 0        0.95572662            131072               0.1             0.001
                 0        0.48183526         266.39318         70966.459         1.1333099                 0                 0        0.95513916            131072               0.1             0.001
                 0        0.48131763         267.08138         71339.302         6.8374194                 0                 0        0.93519592            131072               0.1             0.001
                 0        0.48585661           266.273          70902.36         1.0500869                 0                 0        0.95372772            131072               0.1             0.001
                 0        0.48228153         266.37145         70955.029         1.2786185                 0                 0        0.95542526            262144               0.1             0.001
                 0        0.48225633         266.52513         71038.084         2.4369525                 0                 0          0.947155            262144               0.1             0.001
                 0         0.4826522          266.2763         70904.294         1.2267706                 0                 0        0.95531464            262144               0.1             0.001
                 0        0.48470622         266.38867         71046.956         84.031431                 0                 0        0.93535995            262144               0.1             0.001
                 0        0.47868802         266.32525         70930.531         1.3926155                 0                 0        0.95518875            262144               0.1             0.001
                 0        0.48175846         266.41905         70980.214         1.1023965                 0                 0        0.95553207            262144               0.1             0.001
                 0         0.4831241         266.36754          70952.79         1.1234535                 0                 0        0.95397186            262144               0.1             0.001
                 0        0.48302673          267.0721         71341.028         13.519937                 0                 0        0.93674469            262144               0.1             0.001
                 0        0.48934996         266.36657         70952.458         1.3104901                 0                 0        0.95511627            262144               0.1             0.001
                 0        0.48054808         266.41813         70979.854         1.2353525                 0                 0        0.95484543            262144               0.1             0.001
                 0         0.4822349         266.29704         70915.312         1.2002055                 0                 0        0.95518112            262144               0.1            0.0001


Time elpased for 1 thread(s): 3707.15
