         ThreadNr.             Alpha            Energy     EnergySquared          Variance           BootVar       BlockingVar   AcceptanceRatio        TotalSteps          TimeStep
                 4              0.55         1.0049382         1.0189535      0.0090526105                 0                 0        0.98718643           2097152               0.1
                 5               0.4          1.025364         1.1020705       0.050699097                 0                 0        0.99206924           2097152               0.1
                 7              0.45         1.0060992         1.0234497        0.01121416                 0                 0         0.9906044           2097152               0.1
                 2               0.3          1.133798         1.5711272        0.28562932                 0                 0        0.99476624           2097152               0.1
                 1               0.5        0.99999945        0.99999897     7.5936817e-08                 0                 0        0.98883581           2097152               0.1
                 6              0.25         1.2518979         2.1298335        0.56258517                 0                 0        0.99600315           2097152               0.1
                 3              0.35         1.0652501         1.2685309        0.13377312                 0                 0        0.99343109           2097152               0.1
                 0               0.2         1.4522659         3.2155427         1.1064666                 0                 0        0.99717188           2097152               0.1
                 4               0.6         1.0160805         1.0662791       0.033859526                 0                 0        0.98545504           2097152               0.1
                 5              0.65         1.0355404         1.1423821        0.07003809                 0                 0        0.98334408           2097152               0.1
                 7               0.7         1.0558298         1.2331803        0.11840374                 0                 0         0.9814086           2097152               0.1
                 2              0.75         1.0830043         1.3468311        0.17393287                 0                 0        0.97945595           2097152               0.1
                 1               0.8          1.112205         1.4754839        0.23848399                 0                 0        0.97734976           2097152               0.1
                 6              0.85         1.1431475         1.6167695        0.30998338                 0                 0        0.97501564           2097152               0.1
                 3               0.9         1.1771684         1.7734365        0.38771099                 0                 0        0.97299433           2097152               0.1
                 0              0.95         1.2120113         1.9426711        0.47369982                 0                 0        0.97074699           2097152               0.1


Time elpased for 8 thread(s): 4.90634
