         ThreadNr.             Alpha            Energy     EnergySquared          Variance           BootVar       BlockingVar   AcceptanceRatio        TotalSteps          TimeStep
                 6              0.45         100.51531         10105.354         2.0254201                 0                 0        0.99046755           2097152               0.1
                 1              0.35         106.44059          11344.24         14.641654                 0                 0        0.99346972           2097152               0.1
                 3               0.4         102.44551         10501.286         6.2033691                 0                 0        0.99207067           2097152               0.1
                 5               0.3         113.37094         12882.777         29.806203                 0                 0        0.99488783           2097152               0.1
                 4              0.55         100.46689         10095.502         1.9062655                 0                 0        0.98716164           2097152               0.1
                 7               0.5         99.999972         10000.797        0.80245221                 0                 0        0.98894835           2097152               0.1
                 2              0.25         124.74413         15617.932         56.834482                 0                 0        0.99606657           2097152               0.1
                 0               0.2         145.19633         21191.889         109.91605                 0                 0        0.99710846           2097152               0.1
                 6               0.6         101.68296         10343.789         4.3657288                 0                 0        0.98533249           2097152               0.1
                 5              0.75         108.28783         11744.163         17.907859                 0                 0        0.97948933           2097152               0.1
                 7              0.85         114.38807         13115.635         31.003933                 0                 0        0.97528028           2097152               0.1
                 1              0.65          103.4103         10702.031         8.3416407                 0                 0         0.9834795           2097152               0.1
                 3               0.7         105.68463         11181.729         12.488012                 0                 0        0.98148203           2097152               0.1
                 0              0.95         121.27313         14754.125         46.953564                 0                 0        0.97073793           2097152               0.1
                 4               0.8         111.24873         12400.901          24.62037                 0                 0        0.97757053           2097152               0.1
                 2               0.9         117.73341         13902.706         41.550884                 0                 0         0.9731102           2097152               0.1


Time elpased for 8 thread(s): 5767.44
