         ThreadNr.             Alpha            Energy     EnergySquared          Variance           BootVar       BlockingVar   AcceptanceRatio        TotalSteps          TimeStep
                 6               0.3         11.330064         131.20915         2.8388017                 0                 0        0.99479532           2097152               0.1
                 2              0.25         12.500412         161.87055         5.6102391                 0                 0        0.99602413           2097152               0.1
                 3              0.55         10.041533         100.92347       0.091093182                 0                 0        0.98707533           2097152               0.1
                 7               0.5         9.9999717         99.999566     0.00013114386                 0                 0        0.98887777           2097152               0.1
                 1              0.35         10.642281         114.60455         1.3464128                 0                 0         0.9934721           2097152               0.1
                 4              0.45         10.055406         101.22326        0.11208304                 0                 0        0.99048519           2097152               0.1
                 0               0.2         14.520487         221.91938         11.074823                 0                 0        0.99712229           2097152               0.1
                 5               0.4         10.243444         105.43625          0.508099                 0                 0        0.99208212           2097152               0.1
                 6               0.6         10.171724         103.79409        0.33012375                 0                 0        0.98526144           2097152               0.1
                 2              0.65         10.351381         107.86336        0.71226791                 0                 0        0.98337126           2097152               0.1
                 7              0.75         10.835391         119.13293         1.7272389                 0                 0         0.9794302           2097152               0.1
                 3               0.7         10.577585         113.04906         1.1637602                 0                 0        0.98148489           2097152               0.1
                 1               0.8         11.120618         126.02818         2.3600333                 0                 0        0.97726393           2097152               0.1
                 4              0.85          11.44213         134.00313         3.0807883                 0                 0        0.97521734           2097152               0.1
                 0               0.9         11.786679         142.82772         3.9019102                 0                 0        0.97304106           2097152               0.1
                 5              0.95         12.114783         151.48088         4.7129031                 0                 0        0.97068691           2097152               0.1


Time elpased for 8 thread(s): 78.3995
