       Energy  Energy_sqrd    QuantVar  BlockingVar  MCcycles  TimeStep    Eta  AcceptanceRation
0    7.508373    63.621591    7.245923     0.003868   16384.0       0.1  0.001          0.980011
1    7.488710    63.304057    7.223281     0.003855   16384.0       0.1  0.001          0.980011
2    7.469078    62.987780    7.200657     0.003841   16384.0       0.1  0.001          0.980011
3    7.449477    62.672760    7.178046     0.003828   16384.0       0.1  0.001          0.980011
4    7.429909    62.358997    7.155443     0.003815   16384.0       0.1  0.001          0.980011
5    7.409325    62.021406    7.123305     0.003799   16384.0       0.1  0.001          0.980042
6    7.390047    61.713376    7.100581     0.003786   16384.0       0.1  0.001          0.980072
7    7.370277    61.393944    7.072960     0.003773   16384.0       0.1  0.001          0.980042
8    7.350842    61.084708    7.049825     0.003759   16384.0       0.1  0.001          0.980042
9    7.331443    60.776717    7.026660     0.003746   16384.0       0.1  0.001          0.980042
10   7.311787    60.466259    7.004027     0.003734   16384.0       0.1  0.001          0.980103
11   7.292461    60.160771    6.980781     0.003721   16384.0       0.1  0.001          0.980103
12   7.273172    59.856521    6.957487     0.003708   16384.0       0.1  0.001          0.980103
13   7.253921    59.553508    6.934137     0.003694   16384.0       0.1  0.001          0.980103
14   7.234708    59.251731    6.910726     0.003681   16384.0       0.1  0.001          0.980103
15   7.215534    58.951186    6.887249     0.003668   16384.0       0.1  0.001          0.980103
16   7.196400    58.651871    6.863698     0.003655   16384.0       0.1  0.001          0.980103
17   7.177306    58.353786    6.840070     0.003641   16384.0       0.1  0.001          0.980103
18   7.158252    58.056926    6.816358     0.003628   16384.0       0.1  0.001          0.980103
19   7.139239    57.761290    6.792558     0.003615   16384.0       0.1  0.001          0.980103
20   7.120268    57.466876    6.768665     0.003602   16384.0       0.1  0.001          0.980103
21   7.100783    57.168800    6.747686     0.003588   16384.0       0.1  0.001          0.980194
22   7.081340    56.861461    6.716083     0.003576   16384.0       0.1  0.001          0.980194
23   7.062499    56.570811    6.691916     0.003563   16384.0       0.1  0.001          0.980194
24   7.043701    56.281368    6.667639     0.003549   16384.0       0.1  0.001          0.980194
25   7.024947    55.993130    6.643250     0.003536   16384.0       0.1  0.001          0.980194
26   7.006237    55.706098    6.618746     0.003523   16384.0       0.1  0.001          0.980194
27   6.987571    55.420272    6.594127     0.003510   16384.0       0.1  0.001          0.980194
28   6.968867    55.134690    6.569581     0.003497   16384.0       0.1  0.001          0.980225
29   6.950292    54.851280    6.544726     0.003484   16384.0       0.1  0.001          0.980225
30   6.931762    54.569075    6.519754     0.003471   16384.0       0.1  0.001          0.980225
31   6.913278    54.288077    6.494665     0.003458   16384.0       0.1  0.001          0.980225
32   6.894841    54.008287    6.469460     0.003444   16384.0       0.1  0.001          0.980225
33   6.876450    53.729708    6.444141     0.003431   16384.0       0.1  0.001          0.980225
34   6.858107    53.452341    6.418711     0.003418   16384.0       0.1  0.001          0.980225
35   6.839811    53.176189    6.393173     0.003405   16384.0       0.1  0.001          0.980225
36   6.821563    52.901257    6.367530     0.003825   16384.0       0.1  0.001          0.980225
37   6.802876    52.620653    6.341533     0.003811   16384.0       0.1  0.001          0.980286
38   6.784726    52.348195    6.315694     0.003796   16384.0       0.1  0.001          0.980286
39   6.766684    52.077013    6.289007     0.003782   16384.0       0.1  0.001          0.980316
40   6.748630    51.806996    6.262989     0.003767   16384.0       0.1  0.001          0.980316
41   6.730626    51.538221    6.236895     0.003753   16384.0       0.1  0.001          0.980316
42   6.712672    51.270694    6.210733     0.003738   16384.0       0.1  0.001          0.980316
43   6.694768    51.004424    6.184511     0.003724   16384.0       0.1  0.001          0.980316
44   6.676914    50.739419    6.158238     0.003709   16384.0       0.1  0.001          0.980316
45   6.659111    50.475689    6.131925     0.003694   16384.0       0.1  0.001          0.980316
46   6.641568    50.215096    6.104665     0.003677   16384.0       0.1  0.001          0.980225
47   6.623869    49.953953    6.078318     0.003663   16384.0       0.1  0.001          0.980225
48   6.606221    49.694128    6.051972     0.003648   16384.0       0.1  0.001          0.980225
49   6.588626    49.435632    6.025641     0.003633   16384.0       0.1  0.001          0.980225
50   7.508373    63.621591    7.245923     0.003868   16384.0       0.1  0.005          0.980011
51   7.409311    62.021166    7.123281     0.003799   16384.0       0.1  0.005          0.980042
52   7.311701    60.464850    7.003874     0.003734   16384.0       0.1  0.005          0.980103
53   7.215271    58.946922    6.886792     0.003668   16384.0       0.1  0.005          0.980103
54   7.119674    57.457473    6.767713     0.003601   16384.0       0.1  0.005          0.980103
55   7.023841    55.975997    6.641659     0.003535   16384.0       0.1  0.005          0.980194
56   6.929935    54.541461    6.517464     0.003469   16384.0       0.1  0.005          0.980225
57   6.837037    53.135305    6.390227     0.003403   16384.0       0.1  0.005          0.980225
58   6.744674    51.750144    6.259510     0.003764   16384.0       0.1  0.005          0.980316
59   6.653738    50.400235    6.128002     0.003690   16384.0       0.1  0.005          0.980316
60   6.564054    49.081593    5.994793     0.003613   16384.0       0.1  0.005          0.980225
61   6.475035    47.789641    5.863564     0.003539   16384.0       0.1  0.005          0.980408
62   6.387381    46.532661    5.734027     0.003464   16384.0       0.1  0.005          0.980408
63   6.300680    45.313934    5.615362     0.003388   16384.0       0.1  0.005          0.980499
64   6.215440    44.126330    5.494635     0.003319   16384.0       0.1  0.005          0.980499
65   6.131556    42.979451    5.383471     0.003245   16384.0       0.1  0.005          0.980499
66   6.050342    41.890752    5.284115     0.003163   16384.0       0.1  0.005          0.980377
67   5.968699    40.816923    5.191560     0.003095   16384.0       0.1  0.005          0.980347
68   5.888964    39.790086    5.110185     0.003023   16384.0       0.1  0.005          0.980347
69   5.810693    38.803484    5.039330     0.002952   16384.0       0.1  0.005          0.980347
70   5.732746    37.825721    4.961345     0.002567   16384.0       0.1  0.005          0.980408
71   5.656978    36.910989    4.909586     0.002512   16384.0       0.1  0.005          0.980408
72   5.583238    36.029674    4.857132     0.002452   16384.0       0.1  0.005          0.980408
73   5.509808    35.162681    4.804692     0.002394   16384.0       0.1  0.005          0.980377
74   5.441927    34.369768    4.755200     0.002349   16384.0       0.1  0.005          0.980530
75   5.371793    33.532343    4.676181     0.002288   16384.0       0.1  0.005          0.980530
76   5.304461    32.743175    4.605863     0.002231   16384.0       0.1  0.005          0.980530
77   5.237924    31.962010    4.526164     0.002172   16384.0       0.1  0.005          0.980652
78   5.173051    31.213605    4.453145     0.002114   16384.0       0.1  0.005          0.980713
79   5.110497    30.505692    4.388511     0.002058   16384.0       0.1  0.005          0.980804
80   5.049490    29.840391    4.343042     0.002004   16384.0       0.1  0.005          0.980804
81   4.990323    29.225071    4.321747     0.001952   16384.0       0.1  0.005          0.980804
82   4.932429    28.661878    4.333020     0.001900   16384.0       0.1  0.005          0.980896
83   4.877703    28.193609    4.401627     0.001857   16384.0       0.1  0.005          0.980927
84   4.824643    27.814538    4.537360     0.001818   16384.0       0.1  0.005          0.980896
85   4.773741    27.575456    4.786851     0.001786   16384.0       0.1  0.005          0.980896
86   4.725054    27.588727    5.262587     0.001770   16384.0       0.1  0.005          0.980957
87   4.679854    28.202332    6.301302     0.001789   16384.0       0.1  0.005          0.981049
88   4.640597    30.557381    9.022241     0.001906   16384.0       0.1  0.005          0.981018
89   4.601512    33.433813   12.259903     0.002056   16384.0       0.1  0.005          0.981079
90   4.556442    31.730785   10.969619     0.001947   16384.0       0.1  0.005          0.981171
91   4.520421    37.956052   17.521843     0.002322   16384.0       0.1  0.005          0.981201
92   4.468367    31.712153   11.745853     0.001942   16384.0       0.1  0.005          0.981232
93   4.416643    26.506557    6.999825     0.001628   16384.0       0.1  0.005          0.981354
94   4.376297    26.613249    7.461276     0.001641   16384.0       0.1  0.005          0.981476
95   4.351792    37.781315   18.843218     0.002368   16384.0       0.1  0.005          0.981476
96   4.382268   182.813602  163.609329     0.010600   16384.0       0.1  0.005          0.981384
97   4.265067    27.982887    9.792091     0.001707   16384.0       0.1  0.005          0.981354
98   4.221184    23.446117    5.627721     0.001390   16384.0       0.1  0.005          0.981354
99   4.184225    22.213974    4.706237     0.001292   16384.0       0.1  0.005          0.981384
100  7.508373    63.621591    7.245923     0.003868   16384.0       0.1  0.010          0.980011
101  7.311678    60.464465    7.003829     0.003734   16384.0       0.1  0.010          0.980103
102  7.119573    57.455874    6.767553     0.003601   16384.0       0.1  0.010          0.980103
103  6.929648    54.537140    6.517113     0.003469   16384.0       0.1  0.010          0.980225
104  6.744042    51.741080    6.258975     0.003763   16384.0       0.1  0.010          0.980316
105  6.562866    49.065287    5.994082     0.003612   16384.0       0.1  0.010          0.980225
106  6.385381    46.505867    5.732778     0.003462   16384.0       0.1  0.010          0.980408
107  6.212329    44.084873    5.491842     0.003316   16384.0       0.1  0.010          0.980499
108  6.045786    41.829781    5.278251     0.003159   16384.0       0.1  0.010          0.980377
109  5.882607    39.704113    5.099047     0.003016   16384.0       0.1  0.010          0.980347
110  5.724213    37.708683    4.942069     0.002869   16384.0       0.1  0.010          0.980408
111  5.572162    35.876911    4.827923     0.002441   16384.0       0.1  0.010          0.980408
112  5.427970    34.181710    4.718851     0.002335   16384.0       0.1  0.010          0.980530
113  5.287347    32.526263    4.570222     0.002214   16384.0       0.1  0.010          0.980530
114  5.152545    30.972826    4.424105     0.002095   16384.0       0.1  0.010          0.980713
115  5.025334    29.572877    4.318898     0.001982   16384.0       0.1  0.010          0.980804
116  4.904416    28.364832    4.311533     0.001874   16384.0       0.1  0.010          0.980896
117  4.792736    27.505573    4.535251     0.001789   16384.0       0.1  0.010          0.980896
118  4.688761    27.329693    5.345215     0.001744   16384.0       0.1  0.010          0.981018
119  4.607526    33.905359   12.676066     0.002083   16384.0       0.1  0.010          0.981171
120  4.519975    35.116443   14.686265     0.002123   16384.0       0.1  0.010          0.981201
121  4.414231    28.323288    8.837855     0.001718   16384.0       0.1  0.010          0.981476
122  4.322240    25.789410    7.107649     0.001568   16384.0       0.1  0.010          0.981323
123  4.248774    30.167749   12.115670     0.001840   16384.0       0.1  0.010          0.981323
124  4.160732    22.346398    5.034707     0.001292   16384.0       0.1  0.010          0.981110
125  4.090705    21.189594    4.455726     0.001188   16384.0       0.1  0.010          0.981079
126  4.023238    20.338808    4.152364     0.001107   16384.0       0.1  0.010          0.981079
127  3.960976    19.517560    3.828232     0.001139   16384.0       0.1  0.010          0.981049
128  3.903988    18.807166    3.566041     0.001073   16384.0       0.1  0.010          0.981049
129  3.852910    18.389965    3.545049     0.001031   16384.0       0.1  0.010          0.981110
130  3.807430    18.350721    3.854198     0.001018   16384.0       0.1  0.010          0.981049
131  3.767663    18.677409    4.482127     0.001033   16384.0       0.1  0.010          0.981110
132  3.723103    18.077821    4.216324     0.000972   16384.0       0.1  0.010          0.981110
133  3.681988    17.107689    3.550651     0.000879   16384.0       0.1  0.010          0.981140
134  3.645241    16.498292    3.210511     0.000815   16384.0       0.1  0.010          0.981049
135  3.611689    16.099236    3.054941     0.000778   16384.0       0.1  0.010          0.981415
136  3.581779    15.800339    2.971198     0.000745   16384.0       0.1  0.010          0.981384
137  3.554894    15.654268    3.016999     0.000724   16384.0       0.1  0.010          0.981384
138  3.530575    15.663932    3.198973     0.000629   16384.0       0.1  0.010          0.981445
139  3.510869    16.072059    3.745859     0.000649   16384.0       0.1  0.010          0.981445
140  3.494386    17.519425    5.308688     0.000732   16384.0       0.1  0.010          0.981537
141  3.480081    19.804813    7.693851     0.000870   16384.0       0.1  0.010          0.981445
142  3.459642    17.714745    5.745621     0.000744   16384.0       0.1  0.010          0.981506
143  3.441813    16.886085    5.040008     0.000699   16384.0       0.1  0.010          0.981415
144  3.427305    17.353760    5.607338     0.000736   16384.0       0.1  0.010          0.981354
145  3.415084    18.361717    6.698917     0.000787   16384.0       0.1  0.010          0.981262
146  3.400323    17.811717    6.249523     0.000747   16384.0       0.1  0.010          0.981171
147  3.382857    16.201764    4.758041     0.000634   16384.0       0.1  0.010          0.981201
148  3.368198    15.384100    4.039340     0.000574   16384.0       0.1  0.010          0.981201
149  3.356255    15.097236    3.832792     0.000549   16384.0       0.1  0.010          0.981201
150  7.508373    63.621591    7.245923     0.003868   16384.0       0.1  0.050          0.980011
151  6.561323    49.044165    5.993199     0.003610   16384.0       0.1  0.050          0.980225
152  5.715985    37.596584    4.924103     0.002860   16384.0       0.1  0.050          0.980408
153  5.002085    29.321361    4.300505     0.001960   16384.0       0.1  0.050          0.980804
154  4.486235    44.709262   24.582958     0.002668   16384.0       0.1  0.050          0.981445
155  4.022113    21.963348    5.785957     0.001202   16384.0       0.1  0.050          0.980988
156  3.717798    18.889138    5.067116     0.001027   16384.0       0.1  0.050          0.981079
157  3.502752    15.064644    2.795373     0.000576   16384.0       0.1  0.050          0.981354
158  3.377561    15.507408    4.099490     0.000555   16384.0       0.1  0.050          0.981140
159  3.293727    14.194667    3.346030     0.000459   16384.0       0.1  0.050          0.981079
160  3.243344    13.198523    2.679242     0.000398   16384.0       0.1  0.050          0.981079
161  3.235249    15.262447    4.795609     0.000542   16384.0       0.1  0.050          0.980896
162  3.219871    13.286322    2.918756     0.000406   16384.0       0.1  0.050          0.980865
163  3.236020    14.384285    3.912461     0.000451   16384.0       0.1  0.050          0.980957
164  3.261403    16.962580    6.325833     0.000608   16384.0       0.1  0.050          0.981049
165  3.279937    15.973558    5.215572     0.000555   16384.0       0.1  0.050          0.981079
166  3.308210    19.045063    8.100809     0.000764   16384.0       0.1  0.050          0.981140
167  3.321729    16.760012    5.726127     0.000664   16384.0       0.1  0.050          0.981384
168  3.333078    14.925936    3.816526     0.000648   16384.0       0.1  0.050          0.981445
169  3.348456    15.439447    4.227293     0.000712   16384.0       0.1  0.050          0.981628
170  3.370488    18.888771    7.528583     0.000860   16384.0       0.1  0.050          0.981659
171  3.388555    27.207867   15.725560     0.001335   16384.0       0.1  0.050          0.981659
172  3.372318    16.456553    5.084024     0.000805   16384.0       0.1  0.050          0.981689
173  3.368590    15.909159    4.561760     0.000758   16384.0       0.1  0.050          0.981720
174  3.365817    16.897803    5.569078     0.000821   16384.0       0.1  0.050          0.981720
175  3.364294    19.295070    7.976597     0.001074   16384.0       0.1  0.050          0.981750
176  3.356190    21.253375    9.989365     0.001216   16384.0       0.1  0.050          0.981812
177  3.331459    17.842329    6.743713     0.000926   16384.0       0.1  0.050          0.981781
178  3.307870    15.743697    4.801691     0.000673   16384.0       0.1  0.050          0.981750
179  3.291380    15.578584    4.745405     0.000634   16384.0       0.1  0.050          0.981659
180  3.285038    21.260009   10.468532     0.000836   16384.0       0.1  0.050          0.981628
181  3.260779    15.974163    5.341483     0.000555   16384.0       0.1  0.050          0.981598
182  3.245140    15.160571    4.629640     0.000488   16384.0       0.1  0.050          0.980164
183  3.270856    57.219760   46.521258     0.002878   16384.0       0.1  0.050          0.980255
184  3.217031    13.624365    3.275076     0.000395   16384.0       0.1  0.050          0.980194
185  3.205046    12.783794    2.511474     0.000353   16384.0       0.1  0.050          0.980316
186  3.199749    12.787178    2.548781     0.000357   16384.0       0.1  0.050          0.980255
187  3.202153    13.451926    3.198143     0.000398   16384.0       0.1  0.050          0.980194
188  3.205446    15.765529    5.490644     0.000564   16384.0       0.1  0.050          0.980316
189  3.192825    13.092827    2.898692     0.000384   16384.0       0.1  0.050          0.980347
190  3.187210    12.644705    2.486397     0.000351   16384.0       0.1  0.050          0.980072
191  3.184149    12.373932    2.235124     0.000333   16384.0       0.1  0.050          0.980194
192  3.182856    12.235096    2.104522     0.000324   16384.0       0.1  0.050          0.980255
193  3.183074    12.236951    2.104991     0.000326   16384.0       0.1  0.050          0.980316
194  3.190743    13.805924    3.625086     0.000446   16384.0       0.1  0.050          0.980408
195  3.192478    13.503636    3.311719     0.000404   16384.0       0.1  0.050          0.980530
196  3.191688    13.019600    2.832725     0.000354   16384.0       0.1  0.050          0.980591
197  3.201871    16.243883    5.991905     0.000529   16384.0       0.1  0.050          0.980530
198  3.198166    14.165921    3.937653     0.000437   16384.0       0.1  0.050          0.980438
199  3.195658    14.427566    4.215334     0.000468   16384.0       0.1  0.050          0.980560
200  7.508373    63.621591    7.245923     0.003868   16384.0       0.1  0.100          0.980011
201  5.712857    37.554306    4.917573     0.002857   16384.0       0.1  0.100          0.980408
202  4.480139    48.420226   28.348577     0.002884   16384.0       0.1  0.100          0.981445
203  3.706889    21.126244    7.385219     0.001178   16384.0       0.1  0.100          0.981110
204  3.362507    16.003887    4.697437     0.000577   16384.0       0.1  0.100          0.980957
205  3.236311    13.045050    2.571343     0.000387   16384.0       0.1  0.100          0.980896
206  3.232890    13.447258    2.995680     0.000427   16384.0       0.1  0.100          0.980896
207  3.308305    16.756916    5.812036     0.000611   16384.0       0.1  0.100          0.981140
208  3.423310    25.687014   13.967965     0.001177   16384.0       0.1  0.100          0.981720
209  3.492187    16.550648    4.355275     0.000715   16384.0       0.1  0.100          0.982300
210  3.577443    18.349162    5.551066     0.000967   16384.0       0.1  0.100          0.982300
211  3.637568    17.133237    3.901336     0.000961   16384.0       0.1  0.100          0.982513
212  3.687640    33.490174   19.891488     0.001788   16384.0       0.1  0.100          0.982635
213  3.646071    22.077108    8.783272     0.001313   16384.0       0.1  0.100          0.982697
214  3.571671    16.546889    3.790053     0.000849   16384.0       0.1  0.100          0.982849
215  3.494027    16.364485    4.156262     0.000783   16384.0       0.1  0.100          0.982819
216  3.403334    13.613060    2.030377     0.000551   16384.0       0.1  0.100          0.982666
217  3.328421    12.840667    1.762278     0.000457   16384.0       0.1  0.100          0.982452
218  3.273763    12.546051    1.828530     0.000367   16384.0       0.1  0.100          0.982483
219  3.239974    13.379518    2.882085     0.000413   16384.0       0.1  0.100          0.981964
220  3.213035    12.946511    2.622918     0.000368   16384.0       0.1  0.100          0.981781
221  3.192425    12.232410    2.040835     0.000312   16384.0       0.1  0.100          0.980377
222  3.186987    12.150041    1.993157     0.000302   16384.0       0.1  0.100          0.980286
223  3.187096    12.161898    2.004317     0.000301   16384.0       0.1  0.100          0.980255
224  3.192656    12.240047    2.046993     0.000307   16384.0       0.1  0.100          0.980286
225  3.201589    12.354913    2.104740     0.000318   16384.0       0.1  0.100          0.980072
226  3.210858    12.477948    2.168340     0.000329   16384.0       0.1  0.100          0.980103
227  3.221828    12.852076    2.471897     0.000358   16384.0       0.1  0.100          0.980194
228  3.237022    15.228562    4.750248     0.000522   16384.0       0.1  0.100          0.980011
229  3.237062    13.795531    3.316960     0.000433   16384.0       0.1  0.100          0.980103
230  3.234468    12.940017    2.478234     0.000379   16384.0       0.1  0.100          0.980164
231  3.233740    13.060734    2.603662     0.000382   16384.0       0.1  0.100          0.980194
232  3.238133    14.463381    3.977873     0.000464   16384.0       0.1  0.100          0.980194
233  3.239891    15.546436    5.049543     0.000541   16384.0       0.1  0.100          0.980286
234  3.248394    20.334198    9.782132     0.001154   16384.0       0.1  0.100          0.980286
235  3.232348    16.059736    5.611662     0.000623   16384.0       0.1  0.100          0.980225
236  3.214437    14.227091    3.894487     0.000457   16384.0       0.1  0.100          0.980072
237  3.200653    12.995889    2.751708     0.000368   16384.0       0.1  0.100          0.980103
238  3.193844    12.783148    2.582508     0.000358   16384.0       0.1  0.100          0.980164
239  3.192437    13.081393    2.889741     0.000392   16384.0       0.1  0.100          0.980194
240  3.225567    20.034690    9.630409     0.001107   16384.0       0.1  0.100          0.980164
241  3.221704    18.859839    8.480460     0.000667   16384.0       0.1  0.100          0.980133
242  3.225226    18.791920    8.389836     0.000718   16384.0       0.1  0.100          0.980255
243  3.214971    18.942338    8.606297     0.000728   16384.0       0.1  0.100          0.980743
244  3.183717    12.605974    2.469923     0.000308   16384.0       0.1  0.100          0.980774
245  3.196238    14.259370    4.043433     0.000429   16384.0       0.1  0.100          0.980591
246  3.198634    14.941961    4.710702     0.000447   16384.0       0.1  0.100          0.980621
247  3.186757    12.456959    2.301541     0.000340   16384.0       0.1  0.100          0.980713
248  3.189051    12.502972    2.332926     0.000342   16384.0       0.1  0.100          0.980835
249  3.194431    12.931473    2.727086     0.000357   16384.0       0.1  0.100          0.980865
250  7.563474    64.918255    7.712120     0.002455   32768.0       0.1  0.001          0.979630
251  7.543799    64.611039    7.702130     0.002448   32768.0       0.1  0.001          0.979630
252  7.524157    64.305417    7.692478     0.002440   32768.0       0.1  0.001          0.979630
253  7.504548    64.001403    7.683170     0.002433   32768.0       0.1  0.001          0.979630
254  7.484943    63.698552    7.674185     0.002425   32768.0       0.1  0.001          0.979645
255  7.464822    63.386715    7.663142     0.002426   32768.0       0.1  0.001          0.979706
256  7.444799    63.073691    7.648654     0.002418   32768.0       0.1  0.001          0.979752
257  7.425174    62.771421    7.638215     0.002411   32768.0       0.1  0.001          0.979736
258  7.405734    62.475225    7.630328     0.002404   32768.0       0.1  0.001          0.979736
259  7.386331    62.180617    7.622737     0.002396   32768.0       0.1  0.001          0.979736
260  7.366818    61.885719    7.615715     0.002390   32768.0       0.1  0.001          0.979767
261  7.347489    61.594220    7.608628     0.002383   32768.0       0.1  0.001          0.979767
262  7.328440    61.308776    7.602746     0.002378   32768.0       0.1  0.001          0.979752
263  7.309187    61.020182    7.595975     0.002370   32768.0       0.1  0.001          0.979752
264  7.289972    60.732953    7.589265     0.002363   32768.0       0.1  0.001          0.979752
265  7.270796    60.447005    7.582534     0.002356   32768.0       0.1  0.001          0.979752
266  7.251659    60.162246    7.575685     0.002348   32768.0       0.1  0.001          0.979752
267  7.232146    59.872608    7.568670     0.002338   32768.0       0.1  0.001          0.979782
268  7.213090    59.589929    7.561264     0.002331   32768.0       0.1  0.001          0.979782
269  7.194074    59.308092    7.553396     0.002324   32768.0       0.1  0.001          0.979782
270  7.175355    59.028686    7.542968     0.002314   32768.0       0.1  0.001          0.979828
271  7.156141    58.745641    7.535286     0.002307   32768.0       0.1  0.001          0.979874
272  7.136968    58.457764    7.521448     0.002299   32768.0       0.1  0.001          0.979874
273  7.118116    58.177878    7.510302     0.002292   32768.0       0.1  0.001          0.979874
274  7.099497    57.899583    7.496724     0.002283   32768.0       0.1  0.001          0.979904
275  7.080726    57.619762    7.483075     0.002275   32768.0       0.1  0.001          0.979904
276  7.061657    57.335110    7.468118     0.002267   32768.0       0.1  0.001          0.979919
277  7.042970    57.054949    7.451526     0.002259   32768.0       0.1  0.001          0.979919
278  7.024284    56.774024    7.433463     0.002251   32768.0       0.1  0.001          0.979935
279  7.005681    56.493268    7.413696     0.002243   32768.0       0.1  0.001          0.979935
280  6.987122    56.212202    7.392330     0.002234   32768.0       0.1  0.001          0.979935
281  6.968318    55.922976    7.365522     0.002225   32768.0       0.1  0.001          0.979919
282  6.949847    55.641494    7.341126     0.002216   32768.0       0.1  0.001          0.979919
283  6.931491    55.360991    7.315420     0.002207   32768.0       0.1  0.001          0.979980
284  6.913109    55.079468    7.288390     0.002199   32768.0       0.1  0.001          0.979980
285  6.894773    54.798173    7.260282     0.002190   32768.0       0.1  0.001          0.979980
286  6.876483    54.517299    7.231283     0.002181   32768.0       0.1  0.001          0.979980
287  6.857996    54.233601    7.201490     0.002172   32768.0       0.1  0.001          0.980011
288  6.839802    53.954189    7.171302     0.002163   32768.0       0.1  0.001          0.980011
289  6.821725    53.676297    7.140362     0.002155   32768.0       0.1  0.001          0.980087
290  6.803628    53.399107    7.109757     0.002146   32768.0       0.1  0.001          0.980087
291  6.785580    53.123296    7.079202     0.002136   32768.0       0.1  0.001          0.980087
292  6.768199    52.859937    7.051420     0.002124   32768.0       0.1  0.001          0.980103
293  6.750915    52.597574    7.022725     0.002119   32768.0       0.1  0.001          0.980148
294  6.733016    52.326541    6.993034     0.002110   32768.0       0.1  0.001          0.980148
295  6.715168    52.057215    6.963736     0.002101   32768.0       0.1  0.001          0.980148
296  6.697474    51.790497    6.934341     0.002091   32768.0       0.1  0.001          0.980103
297  6.679725    51.524470    6.905740     0.002082   32768.0       0.1  0.001          0.980103
298  6.662026    51.259945    6.877353     0.002073   32768.0       0.1  0.001          0.980103
299  6.644774    51.001951    6.848933     0.002065   32768.0       0.1  0.001          0.980087
300  7.563474    64.918255    7.712120     0.002455   32768.0       0.1  0.005          0.979630
301  7.464808    63.386524    7.663159     0.002426   32768.0       0.1  0.005          0.979706
302  7.366739    61.884824    7.615978     0.002390   32768.0       0.1  0.005          0.979767
303  7.270554    60.444495    7.583537     0.002356   32768.0       0.1  0.005          0.979752
304  7.174809    59.023398    7.545516     0.002314   32768.0       0.1  0.005          0.979828
305  7.079697    57.610334    7.488230     0.002275   32768.0       0.1  0.005          0.979904
306  6.985400    56.196641    7.400827     0.002234   32768.0       0.1  0.005          0.979935
307  6.892131    54.772980    7.271508     0.002189   32768.0       0.1  0.005          0.979980
308  6.799828    53.359454    7.121795     0.002144   32768.0       0.1  0.005          0.980087
309  6.709970    51.998563    6.974861     0.002099   32768.0       0.1  0.005          0.980148
310  6.620341    50.659155    6.830239     0.002054   32768.0       0.1  0.005          0.980087
311  6.530660    49.331137    6.681622     0.002011   32768.0       0.1  0.005          0.980225
312  6.442475    48.027249    6.521765     0.001969   32768.0       0.1  0.005          0.980225
313  6.355259    46.758336    6.369018     0.001929   32768.0       0.1  0.005          0.980270
314  6.268881    45.524297    6.225433     0.001891   32768.0       0.1  0.005          0.980301
315  6.184270    44.336322    6.091132     0.001851   32768.0       0.1  0.005          0.980301
316  6.101315    43.191511    5.965462     0.001809   32768.0       0.1  0.005          0.980225
317  6.019417    42.084967    5.851591     0.001772   32768.0       0.1  0.005          0.980194
318  5.939041    41.036165    5.763954     0.001733   32768.0       0.1  0.005          0.980179
319  5.860303    40.059272    5.716123     0.001695   32768.0       0.1  0.005          0.980225
320  5.782443    39.167665    5.731023     0.001657   32768.0       0.1  0.005          0.980255
321  5.707222    38.531081    5.958698     0.001628   32768.0       0.1  0.005          0.980270
322  5.635445    38.788205    7.029965     0.001626   32768.0       0.1  0.005          0.980286
323  5.572918    48.337915   17.280503     0.001911   32768.0       0.1  0.005          0.980316
324  5.497441    41.901300   11.679447     0.001703   32768.0       0.1  0.005          0.980392
325  5.417982    35.589704    6.235178     0.001493   32768.0       0.1  0.005          0.980423
326  5.347234    33.929062    5.336153     0.001428   32768.0       0.1  0.005          0.980377
327  5.278853    32.834238    4.967944     0.001381   32768.0       0.1  0.005          0.980499
328  5.214577    32.074916    4.883103     0.001334   32768.0       0.1  0.005          0.980453
329  5.150292    31.330236    4.804724     0.001292   32768.0       0.1  0.005          0.980545
330  5.088097    30.732904    4.844174     0.001257   32768.0       0.1  0.005          0.980576
331  5.028391    30.300169    5.015453     0.001225   32768.0       0.1  0.005          0.980576
332  4.969638    29.753530    5.056225     0.001194   32768.0       0.1  0.005          0.980698
333  4.912079    28.902433    4.773918     0.001157   32768.0       0.1  0.005          0.980713
334  4.855737    28.123071    4.544889     0.001123   32768.0       0.1  0.005          0.980728
335  4.802450    27.543286    4.479761     0.001094   32768.0       0.1  0.005          0.980728
336  4.750515    27.145866    4.578472     0.001071   32768.0       0.1  0.005          0.980804
337  4.701075    27.049905    4.949795     0.001056   32768.0       0.1  0.005          0.980927
338  4.655045    27.762989    6.093542     0.001066   32768.0       0.1  0.005          0.980927
339  4.611889    29.449385    8.179861     0.001104   32768.0       0.1  0.005          0.980957
340  4.565822    28.300524    7.453794     0.001056   32768.0       0.1  0.005          0.980988
341  4.524191    30.475150   10.006844     0.001101   32768.0       0.1  0.005          0.981003
342  4.478085    28.930903    8.877658     0.001041   32768.0       0.1  0.005          0.981049
343  4.429760    24.838991    5.216222     0.000917   32768.0       0.1  0.005          0.981155
344  4.388419    24.419044    5.160825     0.000901   32768.0       0.1  0.005          0.981186
345  4.354583    27.941116    8.978724     0.001021   32768.0       0.1  0.005          0.981186
346  4.356855   116.449525   97.467335     0.003487   32768.0       0.1  0.005          0.981110
347  4.276171    25.005853    6.720216     0.000898   32768.0       0.1  0.005          0.981094
348  4.237335    22.395856    4.440851     0.000797   32768.0       0.1  0.005          0.981049
349  4.201947    21.634731    3.978372     0.000758   32768.0       0.1  0.005          0.981064
350  7.563474    64.918255    7.712120     0.002455   32768.0       0.1  0.010          0.979630
351  7.366719    61.884583    7.616035     0.002390   32768.0       0.1  0.010          0.979767
352  7.174716    59.022486    7.545933     0.002314   32768.0       0.1  0.010          0.979828
353  6.985129    56.194340    7.402313     0.002234   32768.0       0.1  0.010          0.979935
354  6.799218    53.353364    7.124003     0.002144   32768.0       0.1  0.010          0.980087
355  6.619182    50.645676    6.832107     0.002053   32768.0       0.1  0.010          0.980087
356  6.440519    48.003500    6.523215     0.001968   32768.0       0.1  0.010          0.980225
357  6.265844    45.487539    6.226737     0.001889   32768.0       0.1  0.010          0.980301
358  6.096883    43.137795    5.965807     0.001807   32768.0       0.1  0.010          0.980225
359  5.932869    40.959256    5.760325     0.001730   32768.0       0.1  0.010          0.980179
360  5.774174    39.064055    5.722966     0.001652   32768.0       0.1  0.010          0.980255
361  5.624710    38.670411    7.033045     0.001621   32768.0       0.1  0.010          0.980286
362  5.481061    39.419515    9.377489     0.001623   32768.0       0.1  0.010          0.980392
363  5.329769    33.635196    5.228756     0.001416   32768.0       0.1  0.010          0.980453
364  5.193891    31.806226    4.829719     0.001318   32768.0       0.1  0.010          0.980484
365  5.064199    30.481612    4.835498     0.001242   32768.0       0.1  0.010          0.980576
366  4.942391    29.670315    5.243086     0.001180   32768.0       0.1  0.010          0.980698
367  4.824371    27.835133    4.560581     0.001104   32768.0       0.1  0.010          0.980774
368  4.713998    26.838926    4.617148     0.001051   32768.0       0.1  0.010          0.980881
369  4.617960    28.817510    7.491954     0.001084   32768.0       0.1  0.010          0.981003
370  4.526407    30.351527    9.863166     0.001106   32768.0       0.1  0.010          0.981018
371  4.425882    25.979387    6.390957     0.000941   32768.0       0.1  0.010          0.981171
372  4.335228    23.815850    5.021649     0.000865   32768.0       0.1  0.010          0.981110
373  4.260079    26.681202    8.532928     0.000953   32768.0       0.1  0.010          0.981049
374  4.177496    21.566287    4.114812     0.000747   32768.0       0.1  0.010          0.980911
375  4.107048    20.669104    3.801261     0.000688   32768.0       0.1  0.010          0.980865
376  4.041809    20.104612    3.768388     0.000649   32768.0       0.1  0.010          0.980774
377  3.982393    19.758374    3.898918     0.000619   32768.0       0.1  0.010          0.980621
378  3.927262    19.428575    4.005192     0.000591   32768.0       0.1  0.010          0.980652
379  3.876140    18.913698    3.889240     0.000560   32768.0       0.1  0.010          0.980698
380  3.832295    19.509408    4.822923     0.000566   32768.0       0.1  0.010          0.980667
381  3.795525    21.480551    7.074541     0.000617   32768.0       0.1  0.010          0.980667
382  3.752986    20.503491    6.418589     0.000568   32768.0       0.1  0.010          0.980606
383  3.713093    20.310834    6.523776     0.000544   32768.0       0.1  0.010          0.980637
384  3.669265    17.063746    3.600243     0.000430   32768.0       0.1  0.010          0.980560
385  3.635886    16.577815    3.358151     0.000405   32768.0       0.1  0.010          0.980667
386  3.607169    16.558784    3.547118     0.000392   32768.0       0.1  0.010          0.980560
387  3.584567    17.982186    5.133066     0.000392   32768.0       0.1  0.010          0.980576
388  3.604290    85.878230   72.887325     0.002286   32768.0       0.1  0.010          0.980621
389  3.543459    19.619358    7.063253     0.000432   32768.0       0.1  0.010          0.980606
390  3.527826    24.948268   12.502715     0.000636   32768.0       0.1  0.010          0.980652
391  3.528632    39.394506   26.943261     0.001661   32768.0       0.1  0.010          0.980560
392  3.484195    18.739156    6.599545     0.000515   32768.0       0.1  0.010          0.980621
393  3.461903    16.802058    4.817289     0.000407   32768.0       0.1  0.010          0.980530
394  3.443079    16.442546    4.587754     0.000381   32768.0       0.1  0.010          0.980423
395  3.428152    16.604395    4.852168     0.000377   32768.0       0.1  0.010          0.980392
396  3.414069    16.507593    4.851724     0.000369   32768.0       0.1  0.010          0.980377
397  3.399608    15.772878    4.215544     0.000339   32768.0       0.1  0.010          0.981125
398  3.385971    15.240771    3.775973     0.000317   32768.0       0.1  0.010          0.981064
399  3.374639    14.971971    3.583783     0.000304   32768.0       0.1  0.010          0.981369
400  7.563474    64.918255    7.712120     0.002455   32768.0       0.1  0.050          0.979630
401  6.617697    50.628018    6.834104     0.002053   32768.0       0.1  0.050          0.980087
402  5.766239    38.965283    5.715767     0.001647   32768.0       0.1  0.050          0.980255
403  5.041274    30.244058    4.829610     0.001227   32768.0       0.1  0.050          0.980576
404  4.488418    36.482728   16.336836     0.001288   32768.0       0.1  0.050          0.981140
405  4.037682    20.737391    4.434514     0.000663   32768.0       0.1  0.050          0.980637
406  3.742617    20.174499    6.167320     0.000560   32768.0       0.1  0.050          0.980606
407  3.525197    15.387815    2.960802     0.000333   32768.0       0.1  0.050          0.980530
408  3.399362    15.344465    3.788805     0.000310   32768.0       0.1  0.050          0.981277
409  3.320661    16.890841    5.864051     0.000313   32768.0       0.1  0.050          0.981201
410  3.329912   104.582537   93.494223     0.002872   32768.0       0.1  0.050          0.981232
411  3.246976    14.253077    3.710221     0.000229   32768.0       0.1  0.050          0.981186
412  3.234515    13.452463    2.990377     0.000205   32768.0       0.1  0.050          0.981186
413  3.250806    15.949058    5.381321     0.000285   32768.0       0.1  0.050          0.981232
414  3.265370    15.289750    4.627107     0.000267   32768.0       0.1  0.050          0.981201
415  3.290566    16.586571    5.758748     0.000315   32768.0       0.1  0.050          0.981277
416  3.326559    25.715062   14.649066     0.000580   32768.0       0.1  0.050          0.981293
417  3.334164    17.484055    6.367403     0.000354   32768.0       0.1  0.050          0.981430
418  3.438562   211.202760  199.379049     0.006085   32768.0       0.1  0.050          0.981430
419  3.372562    22.630868   11.256693     0.000510   32768.0       0.1  0.050          0.981705
420  3.365231    16.032935    4.708156     0.000339   32768.0       0.1  0.050          0.981705
421  3.364630    14.973108    3.652375     0.000307   32768.0       0.1  0.050          0.981735
422  3.363032    14.853420    3.543436     0.000305   32768.0       0.1  0.050          0.981812
423  3.357770    14.675029    3.400411     0.000300   32768.0       0.1  0.050          0.981873
424  3.349099    14.658350    3.441889     0.000300   32768.0       0.1  0.050          0.981949
425  3.338843    15.193843    4.045972     0.000318   32768.0       0.1  0.050          0.981949
426  3.325007    15.078719    4.023049     0.000309   32768.0       0.1  0.050          0.981979
427  3.308158    14.486758    3.542851     0.000283   32768.0       0.1  0.050          0.981995
428  3.290701    14.063869    3.235159     0.000263   32768.0       0.1  0.050          0.981934
429  3.273787    13.752530    3.034852     0.000247   32768.0       0.1  0.050          0.981888
430  3.258401    13.721791    3.104612     0.000242   32768.0       0.1  0.050          0.982010
431  3.245206    14.359682    3.828321     0.000253   32768.0       0.1  0.050          0.981369
432  3.228806    13.340230    2.915040     0.000211   32768.0       0.1  0.050          0.981247
433  3.216816    13.071433    2.723527     0.000194   32768.0       0.1  0.050          0.981186
434  3.204882    12.757224    2.485955     0.000180   32768.0       0.1  0.050          0.981186
435  3.195574    12.516885    2.305194     0.000171   32768.0       0.1  0.050          0.981201
436  3.189514    12.478352    2.305353     0.000168   32768.0       0.1  0.050          0.981140
437  3.186625    12.610460    2.455881     0.000171   32768.0       0.1  0.050          0.981064
438  3.188199    13.029007    2.864394     0.000191   32768.0       0.1  0.050          0.981033
439  3.187041    13.364213    3.206981     0.000201   32768.0       0.1  0.050          0.981033
440  3.183806    12.819850    2.683232     0.000183   32768.0       0.1  0.050          0.980850
441  3.182436    12.655182    2.527282     0.000169   32768.0       0.1  0.050          0.980927
442  3.183783    13.060344    2.923872     0.000180   32768.0       0.1  0.050          0.980896
443  3.181810    12.538490    2.414574     0.000163   32768.0       0.1  0.050          0.980881
444  3.181270    12.428408    2.307929     0.000158   32768.0       0.1  0.050          0.980896
445  3.181287    12.288170    2.167586     0.000153   32768.0       0.1  0.050          0.980988
446  3.184008    12.764003    2.626096     0.000171   32768.0       0.1  0.050          0.981033
447  3.190787    14.635554    4.454434     0.000233   32768.0       0.1  0.050          0.981003
448  3.189683    13.539609    3.365530     0.000185   32768.0       0.1  0.050          0.981064
449  3.186596    13.056111    2.901720     0.000167   32768.0       0.1  0.050          0.980881
450  7.563474    64.918255    7.712120     0.002455   32768.0       0.1  0.100          0.979630
451  5.763226    38.929089    5.714321     0.001646   32768.0       0.1  0.100          0.980255
452  4.480952    38.877885   18.798958     0.001360   32768.0       0.1  0.100          0.981140
453  3.727182    20.168844    6.276961     0.000558   32768.0       0.1  0.100          0.980621
454  3.382299    15.188413    3.748467     0.000298   32768.0       0.1  0.100          0.981232
455  3.264855    15.376026    4.716747     0.000259   32768.0       0.1  0.100          0.981216
456  3.245694    13.476877    2.942350     0.000209   32768.0       0.1  0.100          0.981201
457  3.311710    15.725215    4.757789     0.000287   32768.0       0.1  0.100          0.981308
458  3.405556    17.874964    6.277152     0.000375   32768.0       0.1  0.100          0.981796
459  3.499139    17.590450    5.346474     0.000413   32768.0       0.1  0.100          0.982193
460  3.576938    17.151551    4.357065     0.000431   32768.0       0.1  0.100          0.982269
461  3.629468    16.709857    3.536819     0.000450   32768.0       0.1  0.100          0.982574
462  3.657807    21.767344    8.387789     0.000617   32768.0       0.1  0.100          0.982666
463  3.626329    18.992576    5.842315     0.000620   32768.0       0.1  0.100          0.982788
464  3.565306    17.301114    4.589705     0.000455   32768.0       0.1  0.100          0.983002
465  3.496980    18.027076    5.798204     0.000460   32768.0       0.1  0.100          0.982773
466  3.416412    17.475050    5.803181     0.000395   32768.0       0.1  0.100          0.982727
467  3.329240    13.594869    2.511030     0.000247   32768.0       0.1  0.100          0.982590
468  3.271654    13.001627    2.297904     0.000208   32768.0       0.1  0.100          0.982697
469  3.239513    16.419947    5.925505     0.000309   32768.0       0.1  0.100          0.982346
470  3.203573    12.556286    2.293406     0.000177   32768.0       0.1  0.100          0.982239
471  3.193391    13.852079    3.654332     0.000216   32768.0       0.1  0.100          0.981506
472  3.198943    20.381433   10.148194     0.000400   32768.0       0.1  0.100          0.981491
473  3.193120    14.089708    3.893695     0.000221   32768.0       0.1  0.100          0.981216
474  3.199741    13.925111    3.686771     0.000217   32768.0       0.1  0.100          0.981033
475  3.209574    14.126521    3.825156     0.000226   32768.0       0.1  0.100          0.980865
476  3.218798    13.771127    3.410465     0.000219   32768.0       0.1  0.100          0.980606
477  3.226636    13.309472    2.898294     0.000208   32768.0       0.1  0.100          0.980576
478  3.234213    13.228016    2.767885     0.000211   32768.0       0.1  0.100          0.980545
479  3.240867    13.520988    3.017768     0.000225   32768.0       0.1  0.100          0.980606
480  3.242515    13.265594    2.751693     0.000212   32768.0       0.1  0.100          0.980591
481  3.246260    14.080440    3.542235     0.000236   32768.0       0.1  0.100          0.980804
482  3.249181    15.343876    4.786698     0.000273   32768.0       0.1  0.100          0.980820
483  3.247775    16.583566    6.035525     0.000308   32768.0       0.1  0.100          0.980789
484  3.241309    18.167932    7.661848     0.000361   32768.0       0.1  0.100          0.980835
485  3.215052    13.237646    2.901086     0.000200   32768.0       0.1  0.100          0.980789
486  3.203436    13.119094    2.857090     0.000193   32768.0       0.1  0.100          0.980728
487  3.194457    12.912395    2.707836     0.000186   32768.0       0.1  0.100          0.980743
488  3.201729    17.019113    6.768046     0.000292   32768.0       0.1  0.100          0.980576
489  3.191304    14.361593    4.177170     0.000213   32768.0       0.1  0.100          0.980713
490  3.189670    14.610034    4.436041     0.000220   32768.0       0.1  0.100          0.980606
491  3.193726    14.939093    4.739207     0.000248   32768.0       0.1  0.100          0.980621
492  3.196846    18.412865    8.193041     0.000331   32768.0       0.1  0.100          0.980667
493  3.186282    17.146254    6.993859     0.000283   32768.0       0.1  0.100          0.980728
494  3.176551    15.995831    5.905358     0.000249   32768.0       0.1  0.100          0.980652
495  3.167638    13.019919    2.985989     0.000170   32768.0       0.1  0.100          0.980576
496  3.181951    20.605029   10.480217     0.000407   32768.0       0.1  0.100          0.980774
497  3.170565    13.515967    3.463483     0.000188   32768.0       0.1  0.100          0.980881
498  3.172733    14.944694    4.878460     0.000218   32768.0       0.1  0.100          0.980865
499  3.169611    13.094537    3.048104     0.000172   32768.0       0.1  0.100          0.980972
500  7.544022    64.883831    7.971559     0.001455   65536.0       0.1  0.001          0.979858
501  7.524374    64.578649    7.962445     0.001450   65536.0       0.1  0.001          0.979858
502  7.503771    64.227159    7.920583     0.001446   65536.0       0.1  0.001          0.979881
503  7.484022    63.922114    7.911525     0.001441   65536.0       0.1  0.001          0.979897
504  7.464450    63.621259    7.903242     0.001437   65536.0       0.1  0.001          0.979904
505  7.444639    63.317169    7.894514     0.001436   65536.0       0.1  0.001          0.979935
506  7.424897    63.013769    7.884679     0.001431   65536.0       0.1  0.001          0.979958
507  7.405193    62.715044    7.878155     0.001427   65536.0       0.1  0.001          0.979942
508  7.385783    62.422718    7.872934     0.001423   65536.0       0.1  0.001          0.979942
509  7.366411    62.132560    7.868553     0.001418   65536.0       0.1  0.001          0.979942
510  7.347005    61.843658    7.865175     0.001414   65536.0       0.1  0.001          0.979958
511  7.327713    61.557890    7.862515     0.001410   65536.0       0.1  0.001          0.979958
512  7.308045    61.267006    7.859488     0.001407   65536.0       0.1  0.001          0.979965
513  7.288834    60.985647    7.858553     0.001403   65536.0       0.1  0.001          0.979965
514  7.269664    60.706495    7.858482     0.001398   65536.0       0.1  0.001          0.979965
515  7.250656    60.431070    7.859064     0.001394   65536.0       0.1  0.001          0.979958
516  7.231186    60.148167    7.858121     0.001391   65536.0       0.1  0.001          0.979980
517  7.212077    59.874065    7.860014     0.001386   65536.0       0.1  0.001          0.979980
518  7.193079    59.603581    7.863189     0.001381   65536.0       0.1  0.001          0.979980
519  7.174278    59.337761    7.867489     0.001377   65536.0       0.1  0.001          0.979988
520  7.155498    59.072180    7.871027     0.001372   65536.0       0.1  0.001          0.980011
521  7.136736    58.802022    7.869028     0.001367   65536.0       0.1  0.001          0.980019
522  7.117775    58.535345    7.872622     0.001363   65536.0       0.1  0.001          0.980019
523  7.099000    58.274214    7.878418     0.001359   65536.0       0.1  0.001          0.980019
524  7.080366    58.015402    7.883824     0.001355   65536.0       0.1  0.001          0.980034
525  7.061739    57.759384    7.891220     0.001351   65536.0       0.1  0.001          0.980057
526  7.043131    57.503214    7.897524     0.001345   65536.0       0.1  0.001          0.980080
527  7.024759    57.251342    7.904105     0.001341   65536.0       0.1  0.001          0.980080
528  7.006192    56.997624    7.910893     0.001338   65536.0       0.1  0.001          0.980072
529  6.987691    56.744226    7.916400     0.001333   65536.0       0.1  0.001          0.980072
530  6.969236    56.491687    7.921435     0.001329   65536.0       0.1  0.001          0.980072
531  6.950684    56.235918    7.923910     0.001324   65536.0       0.1  0.001          0.980064
532  6.932323    55.984679    7.927577     0.001320   65536.0       0.1  0.001          0.980064
533  6.914045    55.734390    7.930374     0.001315   65536.0       0.1  0.001          0.980095
534  6.895688    55.481610    7.931103     0.001310   65536.0       0.1  0.001          0.980110
535  6.877468    55.231188    7.931621     0.001306   65536.0       0.1  0.001          0.980110
536  6.859296    54.980827    7.930879     0.001301   65536.0       0.1  0.001          0.980110
537  6.841235    54.730337    7.927837     0.001296   65536.0       0.1  0.001          0.980110
538  6.823162    54.480059    7.924521     0.001292   65536.0       0.1  0.001          0.980110
539  6.805173    54.230141    7.919761     0.001287   65536.0       0.1  0.001          0.980148
540  6.786952    53.976927    7.914205     0.001282   65536.0       0.1  0.001          0.980110
541  6.769032    53.727716    7.907928     0.001277   65536.0       0.1  0.001          0.980110
542  6.751473    53.485108    7.902726     0.001270   65536.0       0.1  0.001          0.980118
543  6.734131    53.245219    7.896694     0.001266   65536.0       0.1  0.001          0.980110
544  6.716052    52.997513    7.892163     0.001262   65536.0       0.1  0.001          0.980171
545  6.698356    52.758133    7.890155     0.001257   65536.0       0.1  0.001          0.980171
546  6.680777    52.525110    7.892328     0.001252   65536.0       0.1  0.001          0.980148
547  6.663214    52.300047    7.901627     0.001247   65536.0       0.1  0.001          0.980148
548  6.645851    52.088461    7.921125     0.001242   65536.0       0.1  0.001          0.980141
549  6.628643    51.894889    7.955976     0.001238   65536.0       0.1  0.001          0.980133
550  7.544022    64.883831    7.971559     0.001455   65536.0       0.1  0.005          0.979858
551  7.444628    63.316992    7.894500     0.001436   65536.0       0.1  0.005          0.979935
552  7.346934    61.842749    7.865317     0.001414   65536.0       0.1  0.005          0.979958
553  7.250426    60.428495    7.859815     0.001394   65536.0       0.1  0.005          0.979958
554  7.154973    59.067025    7.873389     0.001372   65536.0       0.1  0.005          0.980011
555  7.060748    57.752020    7.897856     0.001351   65536.0       0.1  0.005          0.980057
556  6.967588    56.483700    7.936415     0.001329   65536.0       0.1  0.005          0.980072
557  6.874956    55.224015    7.958992     0.001306   65536.0       0.1  0.005          0.980110
558  6.783354    53.970206    7.956315     0.001282   65536.0       0.1  0.005          0.980110
559  6.693426    52.744624    7.942667     0.001257   65536.0       0.1  0.005          0.980171
560  6.604845    51.684275    8.060296     0.001232   65536.0       0.1  0.005          0.980156
561  6.517858    51.646831    9.164364     0.001217   65536.0       0.1  0.005          0.980225
562  6.431204    51.286056    9.925672     0.001201   65536.0       0.1  0.005          0.980232
563  6.340900    47.801644    7.594635     0.001157   65536.0       0.1  0.005          0.980263
564  6.253839    46.065937    6.955441     0.001132   65536.0       0.1  0.005          0.980263
565  6.168730    44.740944    6.687714     0.001110   65536.0       0.1  0.005          0.980339
566  6.085853    43.582869    6.545266     0.001088   65536.0       0.1  0.005          0.980370
567  6.004103    42.538640    6.489393     0.001070   65536.0       0.1  0.005          0.980095
568  5.924138    41.616842    6.521437     0.001051   65536.0       0.1  0.005          0.980080
569  5.845903    40.814313    6.639737     0.001032   65536.0       0.1  0.005          0.980225
570  5.768746    40.172317    6.893883     0.001013   65536.0       0.1  0.005          0.980225
571  5.694258    39.788716    7.364138     0.000997   65536.0       0.1  0.005          0.980255
572  5.621521    39.622972    8.021469     0.000983   65536.0       0.1  0.005          0.980263
573  5.553449    43.363213   12.522420     0.001027   65536.0       0.1  0.005          0.980339
574  5.479879    39.920344    9.891267     0.000964   65536.0       0.1  0.005          0.980377
575  5.405261    36.398267    7.181418     0.000900   65536.0       0.1  0.005          0.980392
576  5.334999    34.770206    6.307987     0.000863   65536.0       0.1  0.005          0.980385
577  5.266195    33.354811    5.621999     0.000831   65536.0       0.1  0.005          0.980431
578  5.200572    32.361624    5.315674     0.000804   65536.0       0.1  0.005          0.980499
579  5.136159    31.549334    5.169199     0.000779   65536.0       0.1  0.005          0.980583
580  5.074806    31.010678    5.257026     0.000759   65536.0       0.1  0.005          0.980606
581  5.016701    30.928829    5.761536     0.000745   65536.0       0.1  0.005          0.980621
582  4.962967    33.772747    9.141709     0.000773   65536.0       0.1  0.005          0.980713
583  4.911386    40.043944   15.922230     0.000782   65536.0       0.1  0.005          0.980705
584  4.847734    30.041673    6.541152     0.000706   65536.0       0.1  0.005          0.980743
585  4.794056    29.410311    6.427335     0.000691   65536.0       0.1  0.005          0.980736
586  4.741144    28.525926    6.047477     0.000668   65536.0       0.1  0.005          0.980782
587  4.690052    27.592556    5.595965     0.000643   65536.0       0.1  0.005          0.980850
588  4.641147    27.314912    5.774667     0.000629   65536.0       0.1  0.005          0.980850
589  4.595584    27.768046    6.648653     0.000623   65536.0       0.1  0.005          0.980888
590  4.549098    26.786566    6.092270     0.000595   65536.0       0.1  0.005          0.980911
591  4.505819    27.485443    7.183038     0.000589   65536.0       0.1  0.005          0.980927
592  4.461684    26.577810    6.671190     0.000564   65536.0       0.1  0.005          0.980988
593  4.416922    24.438700    4.929499     0.000528   65536.0       0.1  0.005          0.981049
594  4.376387    24.037150    4.884390     0.000516   65536.0       0.1  0.005          0.981087
595  4.340743    25.876833    7.034783     0.000543   65536.0       0.1  0.005          0.981087
596  4.323746    70.216707   51.521929     0.001190   65536.0       0.1  0.005          0.981079
597  4.266603    24.296844    6.092944     0.000496   65536.0       0.1  0.005          0.981094
598  4.230752    23.396585    5.497319     0.000469   65536.0       0.1  0.005          0.981064
599  4.196047    22.698038    5.091230     0.000450   65536.0       0.1  0.005          0.981071
600  7.544022    64.883831    7.971559     0.001455   65536.0       0.1  0.010          0.979858
601  7.346916    61.842510    7.865342     0.001414   65536.0       0.1  0.010          0.979958
602  7.154886    59.066113    7.873722     0.001372   65536.0       0.1  0.010          0.980011
603  6.967332    56.482418    7.938709     0.001329   65536.0       0.1  0.010          0.980072
604  6.782780    53.969522    7.963422     0.001282   65536.0       0.1  0.010          0.980110
605  6.603742    51.678212    8.068803     0.001232   65536.0       0.1  0.010          0.980156
606  6.429173    51.153999    9.819730     0.001200   65536.0       0.1  0.010          0.980232
607  6.250824    46.029160    6.956361     0.001131   65536.0       0.1  0.010          0.980263
608  6.081428    43.529650    6.545885     0.001087   65536.0       0.1  0.010          0.980370
609  5.917990    41.550493    6.527890     0.001049   65536.0       0.1  0.010          0.980080
610  5.760643    40.150393    6.965391     0.001012   65536.0       0.1  0.010          0.980225
611  5.611432    39.911829    8.423655     0.000987   65536.0       0.1  0.010          0.980263
612  5.465327    38.861560    8.991764     0.000947   65536.0       0.1  0.010          0.980385
613  5.318541    34.805162    6.518284     0.000861   65536.0       0.1  0.010          0.980423
614  5.180140    32.120042    5.286196     0.000795   65536.0       0.1  0.010          0.980553
615  5.051332    30.757799    5.241848     0.000750   65536.0       0.1  0.010          0.980606
616  4.935799    33.683262    9.321151     0.000766   65536.0       0.1  0.010          0.980713
617  4.818299    31.057936    7.841926     0.000717   65536.0       0.1  0.010          0.980766
618  4.708016    30.089232    7.923818     0.000691   65536.0       0.1  0.010          0.980827
619  4.603650    27.821919    6.628322     0.000628   65536.0       0.1  0.010          0.980904
620  4.507102    27.637136    7.323165     0.000600   65536.0       0.1  0.010          0.980942
621  4.411248    24.945466    5.486353     0.000532   65536.0       0.1  0.010          0.981064
622  4.324292    23.616055    4.916557     0.000497   65536.0       0.1  0.010          0.981041
623  4.248408    24.836526    6.787552     0.000501   65536.0       0.1  0.010          0.981049
624  4.169328    21.975047    4.591752     0.000434   65536.0       0.1  0.010          0.981010
625  4.099204    21.052736    4.249267     0.000404   65536.0       0.1  0.010          0.980972
626  4.034352    20.613937    4.337943     0.000344   65536.0       0.1  0.010          0.980965
627  3.973998    19.850339    4.057681     0.000320   65536.0       0.1  0.010          0.980934
628  3.919147    19.422621    4.062905     0.000302   65536.0       0.1  0.010          0.980942
629  3.871729    20.489438    5.499153     0.000299   65536.0       0.1  0.010          0.981018
630  3.827007    20.776798    6.130819     0.000296   65536.0       0.1  0.010          0.980988
631  3.785672    21.536589    7.205279     0.000309   65536.0       0.1  0.010          0.981018
632  3.740463    19.201192    5.210127     0.000267   65536.0       0.1  0.010          0.980972
633  3.701709    18.932811    5.230162     0.000256   65536.0       0.1  0.010          0.980988
634  3.662772    17.286145    3.870248     0.000226   65536.0       0.1  0.010          0.980934
635  3.629695    16.797906    3.623223     0.000213   65536.0       0.1  0.010          0.980942
636  3.599385    16.412250    3.456677     0.000201   65536.0       0.1  0.010          0.980865
637  3.574356    16.816565    4.040544     0.000201   65536.0       0.1  0.010          0.980820
638  3.557718    22.097232    9.439872     0.000260   65536.0       0.1  0.010          0.980888
639  3.530498    17.425912    4.961496     0.000203   65536.0       0.1  0.010          0.980850
640  3.511565    19.219624    6.888538     0.000232   65536.0       0.1  0.010          0.980804
641  3.497863    21.847544    9.612496     0.000347   65536.0       0.1  0.010          0.980743
642  3.471517    16.883678    4.832250     0.000207   65536.0       0.1  0.010          0.980797
643  3.451817    15.835700    3.920660     0.000181   65536.0       0.1  0.010          0.980812
644  3.435419    15.761702    3.959599     0.000176   65536.0       0.1  0.010          0.980766
645  3.421318    16.122747    4.417328     0.000179   65536.0       0.1  0.010          0.980591
646  3.407589    16.114499    4.502835     0.000177   65536.0       0.1  0.010          0.980553
647  3.393452    15.318272    3.802756     0.000162   65536.0       0.1  0.010          0.980934
648  3.380839    15.037180    3.607109     0.000156   65536.0       0.1  0.010          0.980850
649  3.370846    15.127089    3.764489     0.000155   65536.0       0.1  0.010          0.980743
650  7.544022    64.883831    7.971559     0.001455   65536.0       0.1  0.050          0.979858
651  6.602351    51.671479    8.080440     0.001232   65536.0       0.1  0.050          0.980156
652  5.752857    40.131362    7.035997     0.001010   65536.0       0.1  0.050          0.980225
653  5.028384    30.504078    5.219430     0.000742   65536.0       0.1  0.050          0.980598
654  4.465189    30.370784   10.432870     0.000634   65536.0       0.1  0.050          0.981041
655  4.028276    20.531418    4.304407     0.000377   65536.0       0.1  0.050          0.980927
656  3.731366    19.238688    5.315598     0.000265   65536.0       0.1  0.050          0.980972
657  3.518755    15.290796    2.909162     0.000171   65536.0       0.1  0.050          0.980682
658  3.393133    15.425574    3.912222     0.000157   65536.0       0.1  0.050          0.980972
659  3.312951    16.090133    5.114487     0.000162   65536.0       0.1  0.050          0.980637
660  3.274584    18.845649    8.122748     0.000185   65536.0       0.1  0.050          0.980621
661  3.243633    14.489127    3.967972     0.000133   65536.0       0.1  0.050          0.980621
662  3.233302    13.756224    3.301983     0.000117   65536.0       0.1  0.050          0.980537
663  3.243341    14.126341    3.607079     0.000123   65536.0       0.1  0.050          0.980522
664  3.258886    14.502858    3.882521     0.000129   65536.0       0.1  0.050          0.980461
665  3.281593    15.765087    4.996237     0.000140   65536.0       0.1  0.050          0.980499
666  3.312383    25.657064   14.685181     0.000284   65536.0       0.1  0.050          0.980530
667  3.330432    20.108749    9.016972     0.000212   65536.0       0.1  0.050          0.980667
668  3.343237    17.576869    6.399638     0.000174   65536.0       0.1  0.050          0.980743
669  3.353181    15.559893    4.316068     0.000155   65536.0       0.1  0.050          0.980919
670  3.365934    16.387346    5.057831     0.000170   65536.0       0.1  0.050          0.980949
671  3.372010    16.013224    4.642773     0.000190   65536.0       0.1  0.050          0.981003
672  3.419253   168.589138  156.897848     0.002406   65536.0       0.1  0.050          0.981056
673  3.386490    34.766493   23.298181     0.000435   65536.0       0.1  0.050          0.981117
674  3.370943    21.657359   10.294104     0.000259   65536.0       0.1  0.050          0.981163
675  3.353238    16.019878    4.775673     0.000192   65536.0       0.1  0.050          0.981163
676  3.338266    15.094393    3.950376     0.000172   65536.0       0.1  0.050          0.981117
677  3.323446    15.102355    4.057063     0.000153   65536.0       0.1  0.050          0.981155
678  3.308947    15.680926    4.731793     0.000161   65536.0       0.1  0.050          0.981133
679  3.294371    16.774352    5.921471     0.000177   65536.0       0.1  0.050          0.981125
680  3.278100    16.204388    5.458446     0.000167   65536.0       0.1  0.050          0.981110
681  3.264709    16.521428    5.863104     0.000171   65536.0       0.1  0.050          0.981117
682  3.253126    17.447158    6.864331     0.000174   65536.0       0.1  0.050          0.980774
683  3.241509    17.433365    6.925986     0.000174   65536.0       0.1  0.050          0.980743
684  3.231085    16.626420    6.186510     0.000173   65536.0       0.1  0.050          0.980713
685  3.222496    17.137492    6.753009     0.000181   65536.0       0.1  0.050          0.980782
686  3.213289    16.294764    5.969540     0.000166   65536.0       0.1  0.050          0.980728
687  3.209135    16.714600    6.416054     0.000174   65536.0       0.1  0.050          0.980690
688  3.207526    18.377199    8.088976     0.000185   65536.0       0.1  0.050          0.980659
689  3.197593    14.540330    4.315732     0.000130   65536.0       0.1  0.050          0.980721
690  3.192735    13.596964    3.403404     0.000112   65536.0       0.1  0.050          0.980766
691  3.191418    13.597582    3.412434     0.000109   65536.0       0.1  0.050          0.980667
692  3.190817    13.841435    3.660123     0.000112   65536.0       0.1  0.050          0.980629
693  3.192179    14.982288    4.792282     0.000127   65536.0       0.1  0.050          0.980537
694  3.187731    13.268115    3.106484     0.000102   65536.0       0.1  0.050          0.980537
695  3.185599    12.769990    2.621952     0.000095   65536.0       0.1  0.050          0.980499
696  3.188482    14.873751    4.707333     0.000132   65536.0       0.1  0.050          0.980492
697  3.184091    12.722316    2.583879     0.000096   65536.0       0.1  0.050          0.980499
698  3.182318    12.517497    2.390350     0.000092   65536.0       0.1  0.050          0.980476
699  3.184150    13.255623    3.116812     0.000103   65536.0       0.1  0.050          0.980492
700  7.544022    64.883831    7.971559     0.001455   65536.0       0.1  0.100          0.979858
701  5.749968    40.121105    7.058971     0.001010   65536.0       0.1  0.100          0.980225
702  4.456818    31.561119   11.697888     0.000586   65536.0       0.1  0.100          0.981041
703  3.715303    19.014405    5.210931     0.000260   65536.0       0.1  0.100          0.980988
704  3.378412    16.031385    4.617716     0.000163   65536.0       0.1  0.100          0.980721
705  3.260592    15.373077    4.741619     0.000143   65536.0       0.1  0.100          0.980576
706  3.247974    15.302528    4.753195     0.000144   65536.0       0.1  0.100          0.980522
707  3.303205    14.497305    3.586142     0.000135   65536.0       0.1  0.100          0.980515
708  3.404475    21.866215   10.275766     0.000239   65536.0       0.1  0.100          0.980934
709  3.493665    16.195902    3.990204     0.000207   65536.0       0.1  0.100          0.981453
710  3.581098    16.568072    3.743805     0.000234   65536.0       0.1  0.100          0.981606
711  3.639972    16.647839    3.398443     0.000251   65536.0       0.1  0.100          0.981934
712  3.665279    18.631058    5.196787     0.000299   65536.0       0.1  0.100          0.982002
713  3.649666    23.820608   10.500544     0.000328   65536.0       0.1  0.100          0.982170
714  3.580241    16.475941    3.657815     0.000245   65536.0       0.1  0.100          0.982285
715  3.512336    20.367993    8.031487     0.000258   65536.0       0.1  0.100          0.982117
716  3.424536    15.324874    3.597425     0.000187   65536.0       0.1  0.100          0.982010
717  3.360344    20.156665    8.864751     0.000241   65536.0       0.1  0.100          0.981796
718  3.294449    13.792821    2.939425     0.000141   65536.0       0.1  0.100          0.981636
719  3.259979    15.848505    5.221044     0.000141   65536.0       0.1  0.100          0.981384
720  3.226552    14.581988    4.171352     0.000116   65536.0       0.1  0.100          0.981354
721  3.220113    23.811218   13.442094     0.000248   65536.0       0.1  0.100          0.980934
722  3.207789    15.549695    5.259783     0.000129   65536.0       0.1  0.100          0.980812
723  3.204888    14.290634    4.019330     0.000112   65536.0       0.1  0.100          0.980812
724  3.210173    14.570543    4.265332     0.000122   65536.0       0.1  0.100          0.980682
725  3.220549    16.482042    6.110109     0.000167   65536.0       0.1  0.100          0.980431
726  3.237469    27.925341   17.444132     0.000385   65536.0       0.1  0.100          0.980423
727  3.236660    17.749958    7.273989     0.000199   65536.0       0.1  0.100          0.980476
728  3.237805    14.402833    3.919449     0.000127   65536.0       0.1  0.100          0.980415
729  3.240393    13.918538    3.418390     0.000121   65536.0       0.1  0.100          0.980286
730  3.244136    15.095680    4.571263     0.000127   65536.0       0.1  0.100          0.980286
731  3.245148    16.343245    5.812259     0.000144   65536.0       0.1  0.100          0.980385
732  3.238180    14.113713    3.627904     0.000112   65536.0       0.1  0.100          0.980339
733  3.232766    13.960703    3.509924     0.000108   65536.0       0.1  0.100          0.980347
734  3.229335    15.507192    5.078591     0.000129   65536.0       0.1  0.100          0.980560
735  3.220671    14.787178    4.414459     0.000118   65536.0       0.1  0.100          0.980507
736  3.214942    15.702569    5.366714     0.000132   65536.0       0.1  0.100          0.980354
737  3.212195    21.084105   10.765908     0.000213   65536.0       0.1  0.100          0.980309
738  3.192942    13.626366    3.431487     0.000099   65536.0       0.1  0.100          0.980186
739  3.183539    13.047922    2.913002     0.000090   65536.0       0.1  0.100          0.980125
740  3.178885    13.036347    2.931034     0.000091   65536.0       0.1  0.100          0.980095
741  3.180884    14.261775    4.143750     0.000110   65536.0       0.1  0.100          0.980026
742  3.186505    18.956379    8.802565     0.000174   65536.0       0.1  0.100          0.980057
743  3.185797    16.474819    6.325519     0.000137   65536.0       0.1  0.100          0.980064
744  3.175817    14.831648    4.745835     0.000115   65536.0       0.1  0.100          0.979996
745  3.176039    15.573104    5.485879     0.000130   65536.0       0.1  0.100          0.980042
746  3.163654    12.344288    2.335579     0.000077   65536.0       0.1  0.100          0.979935
747  3.166009    12.914371    2.890756     0.000085   65536.0       0.1  0.100          0.980011
748  3.169575    14.038243    3.992035     0.000104   65536.0       0.1  0.100          0.979919
749  3.164806    13.332628    3.316630     0.000093   65536.0       0.1  0.100          0.979851