       Energy  Energy_sqrd  QuantVar  BlockingVar  MCcycles  TimeStep    Eta  AcceptanceRation
0    6.366994    45.213516  4.674900     0.004306    16384.0       0.1  0.001          0.980011
1    6.347395    44.945306  4.655880     0.004290    16384.0       0.1  0.001          0.980011
2    6.327828    44.678290  4.636882     0.004275    16384.0       0.1  0.001          0.980011
3    6.308293    44.412471  4.617907     0.004259    16384.0       0.1  0.001          0.980011
4    6.288791    44.147855  4.598956     0.004244    16384.0       0.1  0.001          0.980011
5    6.268660    43.875878  4.579782     0.004230    16384.0       0.1  0.001          0.980042
6    6.249407    43.615882  4.560791     0.004214    16384.0       0.1  0.001          0.980072
7    6.229511    43.349475  4.542665     0.004201    16384.0       0.1  0.001          0.980042
8    6.210150    43.089780  4.523812     0.004185    16384.0       0.1  0.001          0.980042
9    6.190826    42.831310  4.504985     0.004170    16384.0       0.1  0.001          0.980042
10   6.171213    42.570567  4.486703     0.004158    16384.0       0.1  0.001          0.980103
11   6.151963    42.314578  4.467928     0.004142    16384.0       0.1  0.001          0.980103
12   6.132752    42.059826  4.449181     0.004127    16384.0       0.1  0.001          0.980103
13   6.113579    41.806314  4.430461     0.004111    16384.0       0.1  0.001          0.980103
14   6.094446    41.554046  4.411770     0.004096    16384.0       0.1  0.001          0.980103
15   6.075353    41.303026  4.393108     0.004080    16384.0       0.1  0.001          0.980103
16   6.056301    41.053255  4.374475     0.004065    16384.0       0.1  0.001          0.980103
17   6.037290    40.804737  4.355873     0.004049    16384.0       0.1  0.001          0.980103
18   6.018320    40.557475  4.337300     0.004034    16384.0       0.1  0.001          0.980103
19   5.999393    40.311470  4.318759     0.004019    16384.0       0.1  0.001          0.980103
20   5.980508    40.066724  4.300248     0.004003    16384.0       0.1  0.001          0.980103
21   5.960477    39.811206  4.283917     0.003991    16384.0       0.1  0.001          0.980194
22   5.941816    39.570734  4.265562     0.003975    16384.0       0.1  0.001          0.980194
23   5.923063    39.329813  4.247138     0.003960    16384.0       0.1  0.001          0.980194
24   5.904355    39.090151  4.228745     0.003944    16384.0       0.1  0.001          0.980194
25   5.885691    38.851749  4.210385     0.003929    16384.0       0.1  0.001          0.980194
26   5.867073    38.614607  4.192059     0.003914    16384.0       0.1  0.001          0.980194
27   5.848501    38.378728  4.173765     0.003898    16384.0       0.1  0.001          0.980194
28   5.829817    38.142527  4.155758     0.003885    16384.0       0.1  0.001          0.980225
29   5.811338    37.909179  4.137531     0.003869    16384.0       0.1  0.001          0.980225
30   5.792905    37.677093  4.119340     0.003854    16384.0       0.1  0.001          0.980225
31   5.774520    37.446268  4.101183     0.003839    16384.0       0.1  0.001          0.980225
32   5.756183    37.216704  4.083061     0.003824    16384.0       0.1  0.001          0.980225
33   5.737894    36.988400  4.064975     0.003808    16384.0       0.1  0.001          0.980225
34   5.719653    36.761356  4.046924     0.003793    16384.0       0.1  0.001          0.980225
35   5.701461    36.535570  4.028909     0.003778    16384.0       0.1  0.001          0.980225
36   5.683319    36.311041  4.010930     0.003763    16384.0       0.1  0.001          0.980225
37   5.665082    36.086418  3.993265     0.003748    16384.0       0.1  0.001          0.980286
38   5.647039    35.864403  3.975357     0.003733    16384.0       0.1  0.001          0.980286
39   5.629405    35.647529  3.957331     0.003717    16384.0       0.1  0.001          0.980316
40   5.611461    35.427995  3.939498     0.003702    16384.0       0.1  0.001          0.980316
41   5.593568    35.209709  3.921703     0.003687    16384.0       0.1  0.001          0.980316
42   5.575726    34.992668  3.903945     0.003672    16384.0       0.1  0.001          0.980316
43   5.557935    34.776871  3.886225     0.003657    16384.0       0.1  0.001          0.980316
44   5.540196    34.562314  3.868543     0.003642    16384.0       0.1  0.001          0.980316
45   5.522508    34.348996  3.850899     0.003627    16384.0       0.1  0.001          0.980316
46   5.505284    34.140268  3.832112     0.003609    16384.0       0.1  0.001          0.980225
47   5.487700    33.929407  3.814551     0.003594    16384.0       0.1  0.001          0.980225
48   5.470169    33.719782  3.797030     0.003580    16384.0       0.1  0.001          0.980225
49   5.452691    33.511390  3.779548     0.003565    16384.0       0.1  0.001          0.980225
50   6.366994    45.213516  4.674900     0.004306    16384.0       0.1  0.005          0.980011
51   6.268645    43.875682  4.579767     0.004230    16384.0       0.1  0.005          0.980042
52   6.171128    42.569437  4.486614     0.004158    16384.0       0.1  0.005          0.980103
53   6.075093    41.299593  4.392833     0.004080    16384.0       0.1  0.005          0.980103
54   5.979922    40.059092  4.299627     0.004003    16384.0       0.1  0.005          0.980103
55   5.884597    38.837706  4.209221     0.003928    16384.0       0.1  0.005          0.980194
56   5.791096    37.654207  4.117409     0.003852    16384.0       0.1  0.005          0.980225
57   5.698711    36.501270  4.025964     0.003775    16384.0       0.1  0.005          0.980225
58   5.607533    35.379698  3.935277     0.003698    16384.0       0.1  0.005          0.980316
59   5.517162    34.284208  3.845133     0.003622    16384.0       0.1  0.005          0.980316
60   5.428260    33.220536  3.754526     0.003543    16384.0       0.1  0.005          0.980225
61   5.339685    32.178774  3.666535     0.003468    16384.0       0.1  0.005          0.980408
62   5.252609    31.168460  3.578560     0.003392    16384.0       0.1  0.005          0.980408
63   5.165824    30.178093  3.492354     0.003315    16384.0       0.1  0.005          0.980499
64   5.081276    29.225155  3.405793     0.003241    16384.0       0.1  0.005          0.980499
65   4.997815    28.298390  3.320235     0.003166    16384.0       0.1  0.005          0.980499
66   4.916462    27.411027  3.239429     0.003080    16384.0       0.1  0.005          0.980377
67   4.835190    26.534284  3.155223     0.003009    16384.0       0.1  0.005          0.980347
68   4.755638    25.688477  3.072388     0.002935    16384.0       0.1  0.005          0.980347
69   4.677455    24.869165  2.990578     0.002862    16384.0       0.1  0.005          0.980347
70   4.600087    24.070795  2.909995     0.002787    16384.0       0.1  0.005          0.980408
71   4.524599    23.303242  2.831241     0.002715    16384.0       0.1  0.005          0.980408
72   4.450715    22.561594  2.752732     0.002644    16384.0       0.1  0.005          0.980408
73   4.377336    21.838208  2.677138     0.002577    16384.0       0.1  0.005          0.980377
74   4.309480    21.176444  2.604827     0.002519    16384.0       0.1  0.005          0.980530
75   4.239593    20.504043  2.529895     0.002449    16384.0       0.1  0.005          0.980530
76   4.171355    19.856252  2.456049     0.002378    16384.0       0.1  0.005          0.980530
77   4.104916    19.234655  2.384322     0.002310    16384.0       0.1  0.005          0.980652
78   4.039767    18.633184  2.313468     0.002243    16384.0       0.1  0.005          0.980713
79   3.976937    18.060166  2.244139     0.002179    16384.0       0.1  0.005          0.980804
80   3.915369    17.506416  2.176300     0.002114    16384.0       0.1  0.005          0.980804
81   3.855389    16.973995  2.109971     0.002051    16384.0       0.1  0.005          0.980804
82   3.796842    16.460994  2.044985     0.001989    16384.0       0.1  0.005          0.980896
83   3.739420    15.965021  1.981761     0.001931    16384.0       0.1  0.005          0.980927
84   3.684043    15.492314  1.920142     0.001871    16384.0       0.1  0.005          0.980896
85   3.630398    15.039855  1.860067     0.001813    16384.0       0.1  0.005          0.980896
86   3.578310    14.605881  1.801581     0.001756    16384.0       0.1  0.005          0.980896
87   3.528082    14.193426  1.746061     0.001700    16384.0       0.1  0.005          0.981049
88   3.479389    13.797763  1.691612     0.001645    16384.0       0.1  0.005          0.981018
89   3.431360    13.412146  1.637915     0.001591    16384.0       0.1  0.005          0.981079
90   3.385700    13.048832  1.585868     0.001540    16384.0       0.1  0.005          0.981171
91   3.341320    12.700349  1.535929     0.001491    16384.0       0.1  0.005          0.981201
92   3.298137    12.364487  1.486778     0.001442    16384.0       0.1  0.005          0.981201
93   3.256499    12.044117  1.439331     0.001395    16384.0       0.1  0.005          0.981201
94   3.216511    11.737663  1.391717     0.001352    16384.0       0.1  0.005          0.981384
95   3.177225    11.441339  1.346582     0.001308    16384.0       0.1  0.005          0.981415
96   3.139853    11.161861  1.303183     0.001264    16384.0       0.1  0.005          0.981476
97   3.103372    10.892416  1.261499     0.001224    16384.0       0.1  0.005          0.981384
98   3.068028    10.633263  1.220468     0.001184    16384.0       0.1  0.005          0.981384
99   3.033975    10.386560  1.181558     0.001145    16384.0       0.1  0.005          0.981384
100  6.366994    45.213516  4.674900     0.004306    16384.0       0.1  0.010          0.980011
101  6.171106    42.569134  4.486591     0.004157    16384.0       0.1  0.010          0.980103
102  5.979822    40.057795  4.299522     0.004003    16384.0       0.1  0.010          0.980103
103  5.790812    37.650613  4.117106     0.003852    16384.0       0.1  0.010          0.980225
104  5.606903    35.371967  3.934600     0.003698    16384.0       0.1  0.010          0.980316
105  5.427075    33.206389  3.753242     0.003542    16384.0       0.1  0.010          0.980225
106  5.250612    31.145311  3.576380     0.003390    16384.0       0.1  0.010          0.980408
107  5.078175    29.190237  3.402378     0.003238    16384.0       0.1  0.010          0.980499
108  4.911933    27.361483  3.234398     0.003075    16384.0       0.1  0.010          0.980377
109  4.749340    25.621567  3.065337     0.002928    16384.0       0.1  0.010          0.980347
110  4.591668    23.983914  2.900495     0.002778    16384.0       0.1  0.010          0.980408
111  4.439821    22.452349  2.740337     0.002632    16384.0       0.1  0.010          0.980408
112  4.295763    21.042659  2.589076     0.002504    16384.0       0.1  0.010          0.980530
113  4.154506    19.696485  2.436569     0.002359    16384.0       0.1  0.010          0.980530
114  4.019496    18.446223  2.289878     0.002219    16384.0       0.1  0.010          0.980713
115  3.891422    17.291444  2.148275     0.002086    16384.0       0.1  0.010          0.980804
116  3.769013    16.217723  2.012261     0.001956    16384.0       0.1  0.010          0.980896
117  3.652181    15.220948  1.882518     0.001833    16384.0       0.1  0.010          0.980896
118  3.541997    14.305189  1.759444     0.001714    16384.0       0.1  0.010          0.980957
119  3.439113    13.471618  1.644123     0.001595    16384.0       0.1  0.010          0.981171
120  3.341614    12.699664  1.533278     0.001485    16384.0       0.1  0.010          0.981201
121  3.250176    11.991653  1.428011     0.001387    16384.0       0.1  0.010          0.981506
122  3.163982    11.338356  1.327576     0.001287    16384.0       0.1  0.010          0.981323
123  3.083389    10.742819  1.235529     0.001196    16384.0       0.1  0.010          0.981323
124  3.008350    10.199713  1.149546     0.001112    16384.0       0.1  0.010          0.981140
125  2.938005     9.701899  1.070026     0.001034    16384.0       0.1  0.010          0.981140
126  2.872489     9.245904  0.994711     0.000961    16384.0       0.1  0.010          0.981079
127  2.811480     8.828406  0.923988     0.000891    16384.0       0.1  0.010          0.981049
128  2.755038     8.449885  0.859650     0.000828    16384.0       0.1  0.010          0.981049
129  2.702867     8.105351  0.799862     0.000769    16384.0       0.1  0.010          0.981110
130  2.654322     7.790033  0.744606     0.000715    16384.0       0.1  0.010          0.981079
131  2.609341     7.502355  0.693694     0.000666    16384.0       0.1  0.010          0.981079
132  2.567180     7.236902  0.646489     0.000619    16384.0       0.1  0.010          0.981140
133  2.527977     6.993561  0.602893     0.000577    16384.0       0.1  0.010          0.981079
134  2.492329     6.773996  0.562289     0.000537    16384.0       0.1  0.010          0.981018
135  2.458756     6.571249  0.525766     0.000505    16384.0       0.1  0.010          0.981415
136  2.428083     6.386788  0.491203     0.000471    16384.0       0.1  0.010          0.981415
137  2.399742     6.217776  0.459016     0.000440    16384.0       0.1  0.010          0.981384
138  2.373426     6.062426  0.429277     0.000411    16384.0       0.1  0.010          0.981384
139  2.348882     5.919049  0.401801     0.000384    16384.0       0.1  0.010          0.981415
140  2.326393     5.788331  0.376224     0.000359    16384.0       0.1  0.010          0.981384
141  2.305027     5.665627  0.352476     0.000336    16384.0       0.1  0.010          0.981506
142  2.285645     5.554612  0.330439     0.000315    16384.0       0.1  0.010          0.981537
143  2.267329     5.450931  0.310151     0.000295    16384.0       0.1  0.010          0.981445
144  2.250501     5.356106  0.291353     0.000277    16384.0       0.1  0.010          0.981415
145  2.234787     5.268138  0.273865     0.000261    16384.0       0.1  0.010          0.981323
146  2.220434     5.187747  0.257418     0.000244    16384.0       0.1  0.010          0.981323
147  2.206979     5.112735  0.241978     0.000229    16384.0       0.1  0.010          0.981140
148  2.194313     5.042852  0.227840     0.000216    16384.0       0.1  0.010          0.981171
149  2.182343     4.977348  0.214727     0.000203    16384.0       0.1  0.010          0.981201
150  6.366994    45.213516  4.674900     0.004306    16384.0       0.1  0.050          0.980011
151  5.425539    33.188082  3.751613     0.003540    16384.0       0.1  0.050          0.980225
152  4.583546    23.900217  2.891320     0.002769    16384.0       0.1  0.050          0.980408
153  3.868317    17.085033  2.121153     0.002059    16384.0       0.1  0.050          0.980804
154  3.295919    12.339747  1.476663     0.001434    16384.0       0.1  0.050          0.981445
155  2.867351     9.207071  0.985371     0.000950    16384.0       0.1  0.050          0.980988
156  2.562617     7.206935  0.639930     0.000614    16384.0       0.1  0.050          0.981079
157  2.355884     5.958777  0.408588     0.000394    16384.0       0.1  0.050          0.981323
158  2.219731     5.184949  0.257742     0.000250    16384.0       0.1  0.050          0.981140
159  2.133028     4.713623  0.163814     0.000164    16384.0       0.1  0.050          0.981079
160  2.082096     4.443640  0.108517     0.000113    16384.0       0.1  0.050          0.981110
161  2.056602     4.308462  0.078849     0.000085    16384.0       0.1  0.050          0.980865
162  2.048308     4.262163  0.066598     0.000072    16384.0       0.1  0.050          0.980835
163  2.051307     4.273806  0.065948     0.000068    16384.0       0.1  0.050          0.980865
164  2.062153     4.325581  0.073104     0.000072    16384.0       0.1  0.050          0.980927
165  2.077545     4.401150  0.084958     0.000079    16384.0       0.1  0.050          0.981110
166  2.094796     4.487247  0.099077     0.000076    16384.0       0.1  0.050          0.981110
167  2.112389     4.575849  0.113660     0.000086    16384.0       0.1  0.050          0.981293
168  2.127820     4.654958  0.127340     0.000096    16384.0       0.1  0.050          0.981354
169  2.140824     4.721642  0.138514     0.000104    16384.0       0.1  0.050          0.981354
170  2.150138     4.769735  0.146641     0.000110    16384.0       0.1  0.050          0.981415
171  2.156082     4.800047  0.151356     0.000113    16384.0       0.1  0.050          0.981567
172  2.158099     4.809699  0.152307     0.000114    16384.0       0.1  0.050          0.981689
173  2.156136     4.798704  0.149783     0.000112    16384.0       0.1  0.050          0.981598
174  2.150776     4.769955  0.144118     0.000108    16384.0       0.1  0.050          0.981628
175  2.142717     4.727101  0.135865     0.000102    16384.0       0.1  0.050          0.981476
176  2.132490     4.673146  0.125631     0.000094    16384.0       0.1  0.050          0.981476
177  2.120794     4.611874  0.114105     0.000086    16384.0       0.1  0.050          0.981506
178  2.108120     4.546071  0.101903     0.000077    16384.0       0.1  0.050          0.981415
179  2.095393     4.480203  0.089530     0.000068    16384.0       0.1  0.050          0.981384
180  2.082942     4.416266  0.077619     0.000067    16384.0       0.1  0.050          0.981262
181  2.070982     4.355400  0.066434     0.000058    16384.0       0.1  0.050          0.981262
182  2.059905     4.299425  0.056219     0.000050    16384.0       0.1  0.050          0.981232
183  2.049853     4.249016  0.047120     0.000042    16384.0       0.1  0.050          0.981201
184  2.041027     4.205024  0.039232     0.000036    16384.0       0.1  0.050          0.981140
185  2.033348     4.167019  0.032514     0.000030    16384.0       0.1  0.050          0.981079
186  2.027003     4.135728  0.026986     0.000026    16384.0       0.1  0.050          0.981079
187  2.021819     4.110265  0.022512     0.000022    16384.0       0.1  0.050          0.980927
188  2.017566     4.089558  0.018986     0.000018    16384.0       0.1  0.050          0.980927
189  2.014233     4.073407  0.016270     0.000016    16384.0       0.1  0.050          0.980927
190  2.011598     4.060764  0.014236     0.000014    16384.0       0.1  0.050          0.980957
191  2.009661     4.051502  0.012765     0.000012    16384.0       0.1  0.050          0.980957
192  2.008271     4.044892  0.011738     0.000011    16384.0       0.1  0.050          0.980957
193  2.007231     4.040013  0.011037     0.000010    16384.0       0.1  0.050          0.980957
194  2.006491     4.036583  0.010577     0.000009    16384.0       0.1  0.050          0.980957
195  2.005919     4.033975  0.010265     0.000009    16384.0       0.1  0.050          0.980927
196  2.005563     4.032353  0.010071     0.000008    16384.0       0.1  0.050          0.980957
197  2.005288     4.031109  0.009928     0.000008    16384.0       0.1  0.050          0.980957
198  2.005096     4.030213  0.009803     0.000008    16384.0       0.1  0.050          0.980927
199  2.004900     4.029289  0.009667     0.000008    16384.0       0.1  0.050          0.980927
200  6.366994    45.213516  4.674900     0.004306    16384.0       0.1  0.100          0.980011
201  4.580448    23.868535  2.888028     0.002766    16384.0       0.1  0.100          0.980408
202  3.286629    12.267537  1.465609     0.001423    16384.0       0.1  0.100          0.981445
203  2.547764     7.113448  0.622347     0.000597    16384.0       0.1  0.100          0.981110
204  2.204676     5.101940  0.241345     0.000236    16384.0       0.1  0.100          0.980927
205  2.076252     4.412930  0.102106     0.000109    16384.0       0.1  0.100          0.980896
206  2.062178     4.332577  0.079998     0.000085    16384.0       0.1  0.100          0.980865
207  2.109891     4.571473  0.119832     0.000114    16384.0       0.1  0.100          0.981110
208  2.189482     4.988138  0.194307     0.000150    16384.0       0.1  0.100          0.981628
209  2.278892     5.476848  0.283498     0.000218    16384.0       0.1  0.100          0.982025
210  2.358754     5.930806  0.367086     0.000284    16384.0       0.1  0.100          0.982178
211  2.413637     6.253143  0.427500     0.000378    16384.0       0.1  0.100          0.982239
212  2.434071     6.376170  0.451470     0.000402    16384.0       0.1  0.100          0.982086
213  2.419160     6.289045  0.436712     0.000391    16384.0       0.1  0.100          0.981934
214  2.376515     6.037419  0.389597     0.000353    16384.0       0.1  0.100          0.981812
215  2.315980     5.688748  0.324983     0.000295    16384.0       0.1  0.100          0.981628
216  2.251206     5.323643  0.255714     0.000232    16384.0       0.1  0.100          0.981598
217  2.190606     4.989956  0.191203     0.000175    16384.0       0.1  0.100          0.981659
218  2.138119     4.709485  0.137931     0.000128    16384.0       0.1  0.100          0.981598
219  2.097024     4.494607  0.097096     0.000093    16384.0       0.1  0.100          0.981262
220  2.066401     4.338382  0.068369     0.000068    16384.0       0.1  0.100          0.981049
221  2.046040     4.236215  0.049936     0.000052    16384.0       0.1  0.100          0.980865
222  2.033537     4.174729  0.039456     0.000042    16384.0       0.1  0.100          0.980835
223  2.027263     4.144678  0.034883     0.000037    16384.0       0.1  0.100          0.980835
224  2.025432     4.136566  0.034192     0.000036    16384.0       0.1  0.100          0.980713
225  2.026080     4.140723  0.035722     0.000036    16384.0       0.1  0.100          0.980682
226  2.028111     4.151431  0.038196     0.000037    16384.0       0.1  0.100          0.980682
227  2.030487     4.163524  0.040646     0.000038    16384.0       0.1  0.100          0.980621
228  2.032410     4.173147  0.042455     0.000038    16384.0       0.1  0.100          0.980591
229  2.033639     4.178942  0.043254     0.000038    16384.0       0.1  0.100          0.980469
230  2.033857     4.179475  0.042902     0.000037    16384.0       0.1  0.100          0.980469
231  2.033078     4.174814  0.041408     0.000036    16384.0       0.1  0.100          0.980377
232  2.031521     4.166036  0.038958     0.000033    16384.0       0.1  0.100          0.980286
233  2.029099     4.153110  0.035867     0.000031    16384.0       0.1  0.100          0.980286
234  2.026418     4.138738  0.032368     0.000028    16384.0       0.1  0.100          0.980286
235  2.023536     4.123420  0.028720     0.000025    16384.0       0.1  0.100          0.980438
236  2.020650     4.108192  0.025166     0.000023    16384.0       0.1  0.100          0.980438
237  2.017958     4.094031  0.021876     0.000020    16384.0       0.1  0.100          0.980408
238  2.015610     4.081641  0.018958     0.000018    16384.0       0.1  0.100          0.980408
239  2.013633     4.071176  0.016460     0.000016    16384.0       0.1  0.100          0.980408
240  2.011982     4.062444  0.014373     0.000014    16384.0       0.1  0.100          0.980469
241  2.010710     4.055605  0.012652     0.000013    16384.0       0.1  0.100          0.980469
242  2.009703     4.050136  0.011232     0.000011    16384.0       0.1  0.100          0.980469
243  2.008934     4.045862  0.010045     0.000010    16384.0       0.1  0.100          0.980530
244  2.008249     4.042081  0.009015     0.000009    16384.0       0.1  0.100          0.980530
245  2.007650     4.038757  0.008096     0.000008    16384.0       0.1  0.100          0.980530
246  2.007120     4.035786  0.007254     0.000006    16384.0       0.1  0.100          0.980591
247  2.006554     4.032754  0.006494     0.000005    16384.0       0.1  0.100          0.980530
248  2.005999     4.029843  0.005811     0.000004    16384.0       0.1  0.100          0.980530
249  2.005469     4.027121  0.005216     0.000004    16384.0       0.1  0.100          0.980530
250  6.414404    45.789299  4.644716     0.002321    32768.0       0.1  0.001          0.979630
251  6.394717    45.518450  4.626042     0.002313    32768.0       0.1  0.001          0.979630
252  6.375062    45.248800  4.607388     0.002305    32768.0       0.1  0.001          0.979630
253  6.355438    44.980354  4.588757     0.002297    32768.0       0.1  0.001          0.979630
254  6.335719    44.710849  4.569512     0.002288    32768.0       0.1  0.001          0.979645
255  6.315999    44.445492  4.553651     0.002286    32768.0       0.1  0.001          0.979706
256  6.296575    44.181896  4.535035     0.002277    32768.0       0.1  0.001          0.979752
257  6.276838    43.915576  4.516882     0.002270    32768.0       0.1  0.001          0.979736
258  6.257385    43.653226  4.498354     0.002262    32768.0       0.1  0.001          0.979736
259  6.237969    43.392106  4.479850     0.002253    32768.0       0.1  0.001          0.979736
260  6.218426    43.130467  4.461645     0.002246    32768.0       0.1  0.001          0.979767
261  6.199084    42.871829  4.443189     0.002238    32768.0       0.1  0.001          0.979767
262  6.180006    42.618283  4.425811     0.002231    32768.0       0.1  0.001          0.979752
263  6.160739    42.362113  4.407404     0.002223    32768.0       0.1  0.001          0.979752
264  6.141512    42.107190  4.389023     0.002215    32768.0       0.1  0.001          0.979752
265  6.122324    41.853518  4.370670     0.002207    32768.0       0.1  0.001          0.979752
266  6.103176    41.601101  4.352344     0.002199    32768.0       0.1  0.001          0.979752
267  6.083678    41.344935  4.333796     0.002188    32768.0       0.1  0.001          0.979782
268  6.064613    41.095059  4.315526     0.002180    32768.0       0.1  0.001          0.979782
269  6.045590    40.846444  4.297285     0.002172    32768.0       0.1  0.001          0.979782
270  6.026927    40.601814  4.277962     0.002160    32768.0       0.1  0.001          0.979828
271  6.007394    40.349703  4.260914     0.002153    32768.0       0.1  0.001          0.979874
272  5.988568    40.105755  4.242807     0.002145    32768.0       0.1  0.001          0.979874
273  5.969718    39.862222  4.224685     0.002137    32768.0       0.1  0.001          0.979874
274  5.951379    39.624448  4.205541     0.002127    32768.0       0.1  0.001          0.979904
275  5.932617    39.383433  4.187485     0.002119    32768.0       0.1  0.001          0.979904
276  5.913624    39.140318  4.169364     0.002110    32768.0       0.1  0.001          0.979919
277  5.894955    38.901867  4.151371     0.002102    32768.0       0.1  0.001          0.979919
278  5.876253    38.663897  4.133544     0.002094    32768.0       0.1  0.001          0.979935
279  5.857677    38.427994  4.115615     0.002086    32768.0       0.1  0.001          0.979935
280  5.839147    38.193362  4.097719     0.002078    32768.0       0.1  0.001          0.979935
281  5.820552    37.958485  4.079665     0.002069    32768.0       0.1  0.001          0.979919
282  5.802117    37.726400  4.061835     0.002061    32768.0       0.1  0.001          0.979919
283  5.783713    37.495734  4.044400     0.002053    32768.0       0.1  0.001          0.979980
284  5.765375    37.266180  4.026636     0.002045    32768.0       0.1  0.001          0.979980
285  5.747085    37.037891  4.008906     0.002037    32768.0       0.1  0.001          0.979980
286  5.728844    36.810864  3.991210     0.002029    32768.0       0.1  0.001          0.979980
287  5.710581    36.584423  3.973692     0.002021    32768.0       0.1  0.001          0.980011
288  5.692438    36.359918  3.956063     0.002013    32768.0       0.1  0.001          0.980011
289  5.674606    36.139489  3.938336     0.002005    32768.0       0.1  0.001          0.980087
290  5.656563    35.917481  3.920778     0.001997    32768.0       0.1  0.001          0.980087
291  5.638570    35.696724  3.903253     0.001989    32768.0       0.1  0.001          0.980087
292  5.621032    35.481707  3.885701     0.001979    32768.0       0.1  0.001          0.980103
293  5.603633    35.269566  3.868868     0.001973    32768.0       0.1  0.001          0.980148
294  5.585790    35.052497  3.851448     0.001965    32768.0       0.1  0.001          0.980148
295  5.567998    34.836669  3.834062     0.001957    32768.0       0.1  0.001          0.980148
296  5.550464    34.623756  3.816103     0.001948    32768.0       0.1  0.001          0.980103
297  5.532775    34.410396  3.798793     0.001940    32768.0       0.1  0.001          0.980103
298  5.515139    34.198272  3.781519     0.001932    32768.0       0.1  0.001          0.980103
299  5.498060    33.993474  3.764814     0.001925    32768.0       0.1  0.001          0.980087
300  6.414404    45.789299  4.644716     0.002321    32768.0       0.1  0.005          0.979630
301  6.315985    44.445298  4.553637     0.002286    32768.0       0.1  0.005          0.979706
302  6.218347    43.129403  4.461563     0.002246    32768.0       0.1  0.005          0.979767
303  6.122080    41.850277  4.370416     0.002207    32768.0       0.1  0.005          0.979752
304  6.026373    40.594552  4.277384     0.002160    32768.0       0.1  0.005          0.979828
305  5.931568    39.369891  4.186388     0.002118    32768.0       0.1  0.005          0.979904
306  5.837391    38.171014  4.095877     0.002077    32768.0       0.1  0.005          0.979935
307  5.744393    37.004131  4.006075     0.002036    32768.0       0.1  0.005          0.979980
308  5.652702    35.869746  3.916702     0.001995    32768.0       0.1  0.005          0.980087
309  5.562734    34.772493  3.828483     0.001954    32768.0       0.1  0.005          0.980148
310  5.473627    33.700866  3.740270     0.001914    32768.0       0.1  0.005          0.980087
311  5.384341    32.644724  3.653597     0.001873    32768.0       0.1  0.005          0.980225
312  5.296742    31.622248  3.566768     0.001832    32768.0       0.1  0.005          0.980225
313  5.209866    30.623893  3.481194     0.001791    32768.0       0.1  0.005          0.980270
314  5.124456    29.657203  3.397153     0.001752    32768.0       0.1  0.005          0.980301
315  5.040449    28.718658  3.312536     0.001712    32768.0       0.1  0.005          0.980301
316  4.957834    27.811214  3.231093     0.001669    32768.0       0.1  0.005          0.980225
317  4.876436    26.928343  3.148711     0.001631    32768.0       0.1  0.005          0.980194
318  4.796474    26.072939  3.066776     0.001591    32768.0       0.1  0.005          0.980179
319  4.717934    25.245081  2.986180     0.001552    32768.0       0.1  0.005          0.980225
320  4.640138    24.437394  2.906510     0.001511    32768.0       0.1  0.005          0.980255
321  4.564292    23.660736  2.827974     0.001472    32768.0       0.1  0.005          0.980270
322  4.489944    22.909688  2.750092     0.001433    32768.0       0.1  0.005          0.980286
323  4.416183    22.177706  2.675036     0.001396    32768.0       0.1  0.005          0.980316
324  4.346205    21.490600  2.601103     0.001361    32768.0       0.1  0.005          0.980392
325  4.275335    20.804051  2.525564     0.001321    32768.0       0.1  0.005          0.980423
326  4.206877    20.149586  2.451773     0.001284    32768.0       0.1  0.005          0.980377
327  4.140242    19.521715  2.380111     0.001246    32768.0       0.1  0.005          0.980499
328  4.074501    18.912824  2.311262     0.001212    32768.0       0.1  0.005          0.980453
329  4.010540    18.327396  2.242963     0.001176    32768.0       0.1  0.005          0.980530
330  3.947610    17.758846  2.175222     0.001142    32768.0       0.1  0.005          0.980576
331  3.887085    17.218385  2.108955     0.001313    32768.0       0.1  0.005          0.980576
332  3.828139    16.699655  2.045006     0.001278    32768.0       0.1  0.005          0.980698
333  3.770486    16.198328  1.981759     0.001240    32768.0       0.1  0.005          0.980713
334  3.714346    15.716747  1.920378     0.001201    32768.0       0.1  0.005          0.980728
335  3.660707    15.261107  1.860332     0.001163    32768.0       0.1  0.005          0.980728
336  3.607975    14.819454  1.801970     0.001127    32768.0       0.1  0.005          0.980774
337  3.557269    14.401062  1.746902     0.001093    32768.0       0.1  0.005          0.980942
338  3.507670    13.995423  1.691673     0.001060    32768.0       0.1  0.005          0.980911
339  3.459293    13.604087  1.637382     0.001026    32768.0       0.1  0.005          0.980957
340  3.413123    13.233764  1.584353     0.000992    32768.0       0.1  0.005          0.980988
341  3.368155    12.878347  1.533879     0.000960    32768.0       0.1  0.005          0.981003
342  3.324411    12.536216  1.484506     0.000930    32768.0       0.1  0.005          0.981018
343  3.282396    12.211156  1.437031     0.000898    32768.0       0.1  0.005          0.981094
344  3.241563    11.898153  1.390423     0.000870    32768.0       0.1  0.005          0.981186
345  3.202080    11.598545  1.345231     0.000841    32768.0       0.1  0.005          0.981155
346  3.163916    11.312423  1.302059     0.000814    32768.0       0.1  0.005          0.981125
347  3.126684    11.035374  1.259222     0.000788    32768.0       0.1  0.005          0.981110
348  3.091116    10.773565  1.218565     0.000763    32768.0       0.1  0.005          0.981064
349  3.056599    10.521793  1.178994     0.000737    32768.0       0.1  0.005          0.981064
350  6.414404    45.789299  4.644716     0.002321    32768.0       0.1  0.010          0.979630
351  6.218327    43.129128  4.461542     0.002246    32768.0       0.1  0.010          0.979767
352  6.026278    40.593318  4.277286     0.002160    32768.0       0.1  0.010          0.979828
353  5.837114    38.167489  4.095586     0.002077    32768.0       0.1  0.010          0.979935
354  5.652082    35.862072  3.916046     0.001995    32768.0       0.1  0.010          0.980087
355  5.472455    33.686787  3.739021     0.001913    32768.0       0.1  0.010          0.980087
356  5.294771    31.599243  3.564649     0.001831    32768.0       0.1  0.010          0.980225
357  5.121399    29.622561  3.393836     0.001750    32768.0       0.1  0.010          0.980301
358  4.953376    27.762140  3.226210     0.001666    32768.0       0.1  0.010          0.980225
359  4.790279    26.006707  3.059931     0.001588    32768.0       0.1  0.010          0.980179
360  4.631861    24.351413  2.897281     0.001506    32768.0       0.1  0.010          0.980255
361  4.479231    22.801551  2.738044     0.001427    32768.0       0.1  0.010          0.980286
362  4.332712    21.358179  2.585787     0.001353    32768.0       0.1  0.010          0.980392
363  4.190120    19.990368  2.433260     0.001274    32768.0       0.1  0.010          0.980423
364  4.054098    18.724811  2.289102     0.001199    32768.0       0.1  0.010          0.980484
365  3.923953    17.545193  2.147783     0.001127    32768.0       0.1  0.010          0.980576
366  3.800606    16.457500  2.012891     0.001257    32768.0       0.1  0.010          0.980698
367  3.683208    15.449819  1.883798     0.001177    32768.0       0.1  0.010          0.980774
368  3.572328    14.522205  1.760677     0.001101    32768.0       0.1  0.010          0.980881
369  3.467648    13.668917  1.644337     0.001030    32768.0       0.1  0.010          0.981003
370  3.369112    12.883199  1.532285     0.000959    32768.0       0.1  0.010          0.981018
371  3.276610    12.163002  1.426830     0.000891    32768.0       0.1  0.010          0.981186
372  3.189512    11.500684  1.327697     0.000830    32768.0       0.1  0.010          0.981110
373  3.107622    10.892311  1.234998     0.000771    32768.0       0.1  0.010          0.981079
374  3.032004    10.341793  1.148742     0.000717    32768.0       0.1  0.010          0.980927
375  2.961343     9.835363  1.065810     0.000665    32768.0       0.1  0.010          0.980865
376  2.894673     9.370326  0.991192     0.000618    32768.0       0.1  0.010          0.980774
377  2.833129     8.947757  0.921137     0.000574    32768.0       0.1  0.010          0.980621
378  2.775893     8.561905  0.856323     0.000534    32768.0       0.1  0.010          0.980667
379  2.723017     8.211669  0.796849     0.000497    32768.0       0.1  0.010          0.980698
380  2.673812     7.889878  0.740608     0.000461    32768.0       0.1  0.010          0.980621
381  2.628141     7.596709  0.689584     0.000429    32768.0       0.1  0.010          0.980682
382  2.585384     7.326496  0.642285     0.000399    32768.0       0.1  0.010          0.980652
383  2.546032     7.080618  0.598341     0.000371    32768.0       0.1  0.010          0.980606
384  2.509660     6.856088  0.557693     0.000345    32768.0       0.1  0.010          0.980515
385  2.475897     6.650980  0.520913     0.000323    32768.0       0.1  0.010          0.980774
386  2.444916     6.463968  0.486352     0.000301    32768.0       0.1  0.010          0.980591
387  2.415740     6.290138  0.454339     0.000281    32768.0       0.1  0.010          0.980530
388  2.388965     6.132031  0.424875     0.000263    32768.0       0.1  0.010          0.980606
389  2.364095     5.986471  0.397526     0.000246    32768.0       0.1  0.010          0.980606
390  2.341290     5.853860  0.372221     0.000230    32768.0       0.1  0.010          0.980606
391  2.319968     5.731238  0.348986     0.000215    32768.0       0.1  0.010          0.980652
392  2.300184     5.617820  0.326975     0.000201    32768.0       0.1  0.010          0.980621
393  2.281813     5.513665  0.306993     0.000189    32768.0       0.1  0.010          0.980530
394  2.264827     5.417687  0.288247     0.000177    32768.0       0.1  0.010          0.980515
395  2.248704     5.327441  0.270771     0.000166    32768.0       0.1  0.010          0.980423
396  2.233935     5.245012  0.254547     0.000156    32768.0       0.1  0.010          0.980347
397  2.219962     5.167618  0.239387     0.000147    32768.0       0.1  0.010          0.981033
398  2.207012     5.096277  0.225374     0.000138    32768.0       0.1  0.010          0.981064
399  2.194912     5.030013  0.212376     0.000130    32768.0       0.1  0.010          0.981079
400  6.414404    45.789299  4.644716     0.002321    32768.0       0.1  0.050          0.979630
401  5.470953    33.668790  3.737459     0.001912    32768.0       0.1  0.050          0.980087
402  4.623893    24.268771  2.888388     0.001502    32768.0       0.1  0.050          0.980255
403  3.901154    17.340248  2.121247     0.001319    32768.0       0.1  0.050          0.980576
404  3.324192    12.527548  1.477296     0.000924    32768.0       0.1  0.050          0.981140
405  2.890887     9.341283  0.984054     0.000612    32768.0       0.1  0.050          0.980637
406  2.582107     7.303634  0.636358     0.000395    32768.0       0.1  0.050          0.980621
407  2.371890     6.030979  0.405118     0.000252    32768.0       0.1  0.050          0.980530
408  2.233481     5.243015  0.254576     0.000158    32768.0       0.1  0.050          0.981308
409  2.145626     4.764998  0.161289     0.000101    32768.0       0.1  0.050          0.981201
410  2.093254     4.487984  0.106273     0.000066    32768.0       0.1  0.050          0.981293
411  2.066125     4.345747  0.076874     0.000047    32768.0       0.1  0.050          0.981186
412  2.056510     4.294275  0.065042     0.000037    32768.0       0.1  0.050          0.981201
413  2.058236     4.301149  0.064812     0.000031    32768.0       0.1  0.050          0.981186
414  2.067789     4.348130  0.072380     0.000033    32768.0       0.1  0.050          0.981125
415  2.081643     4.417847  0.084611     0.000038    32768.0       0.1  0.050          0.981247
416  2.097678     4.499294  0.099042     0.000044    32768.0       0.1  0.050          0.981232
417  2.113772     4.581913  0.113882     0.000051    32768.0       0.1  0.050          0.981339
418  2.128224     4.656919  0.127583     0.000057    32768.0       0.1  0.050          0.981476
419  2.140023     4.718609  0.138910     0.000062    32768.0       0.1  0.050          0.981583
420  2.148550     4.763506  0.147239     0.000066    32768.0       0.1  0.050          0.981689
421  2.153750     4.790501  0.151863     0.000069    32768.0       0.1  0.050          0.981720
422  2.154665     4.795380  0.152798     0.000070    32768.0       0.1  0.050          0.981705
423  2.151938     4.781022  0.150187     0.000069    32768.0       0.1  0.050          0.981689
424  2.145803     4.748913  0.144444     0.000066    32768.0       0.1  0.050          0.981689
425  2.137079     4.703205  0.136097     0.000063    32768.0       0.1  0.050          0.981705
426  2.126388     4.647199  0.125675     0.000058    32768.0       0.1  0.050          0.981720
427  2.114426     4.584692  0.113896     0.000052    32768.0       0.1  0.050          0.981674
428  2.101588     4.518208  0.101534     0.000047    32768.0       0.1  0.050          0.981644
429  2.088773     4.451974  0.089002     0.000041    32768.0       0.1  0.050          0.981613
430  2.076280     4.387853  0.076916     0.000036    32768.0       0.1  0.050          0.981491
431  2.064515     4.327826  0.065604     0.000031    32768.0       0.1  0.050          0.981522
432  2.053531     4.272302  0.055311     0.000026    32768.0       0.1  0.050          0.980713
433  2.043927     4.223795  0.046157     0.000022    32768.0       0.1  0.050          0.980713
434  2.035647     4.182110  0.038252     0.000018    32768.0       0.1  0.050          0.980698
435  2.028547     4.146562  0.031561     0.000015    32768.0       0.1  0.050          0.980606
436  2.022830     4.117915  0.026072     0.000012    32768.0       0.1  0.050          0.980606
437  2.018161     4.094655  0.021682     0.000010    32768.0       0.1  0.050          0.980682
438  2.014535     4.076596  0.018246     0.000009    32768.0       0.1  0.050          0.980652
439  2.011856     4.063226  0.015660     0.000007    32768.0       0.1  0.050          0.980621
440  2.009822     4.053138  0.013754     0.000006    32768.0       0.1  0.050          0.980591
441  2.008487     4.046457  0.012436     0.000006    32768.0       0.1  0.050          0.980621
442  2.007657     4.042244  0.011558     0.000005    32768.0       0.1  0.050          0.980621
443  2.007162     4.039703  0.011005     0.000005    32768.0       0.1  0.050          0.980621
444  2.006889     4.038275  0.010670     0.000005    32768.0       0.1  0.050          0.980591
445  2.006789     4.037684  0.010481     0.000005    32768.0       0.1  0.050          0.980591
446  2.006805     4.037643  0.010377     0.000004    32768.0       0.1  0.050          0.980560
447  2.006854     4.037761  0.010299     0.000004    32768.0       0.1  0.050          0.980576
448  2.006890     4.037817  0.010211     0.000004    32768.0       0.1  0.050          0.980560
449  2.006894     4.037713  0.010088     0.000004    32768.0       0.1  0.050          0.980560
450  6.414404    45.789299  4.644716     0.002321    32768.0       0.1  0.100          0.979630
451  4.620883    24.237809  2.885252     0.001500    32768.0       0.1  0.100          0.980255
452  3.314978    12.455480  1.466401     0.000917    32768.0       0.1  0.100          0.981140
453  2.567090     7.208967  0.619018     0.000384    32768.0       0.1  0.100          0.980621
454  2.218548     5.160430  0.238476     0.000149    32768.0       0.1  0.100          0.981262
455  2.086835     4.454567  0.099686     0.000062    32768.0       0.1  0.100          0.981216
456  2.069640     4.361440  0.078031     0.000038    32768.0       0.1  0.100          0.981171
457  2.114113     4.587816  0.118340     0.000054    32768.0       0.1  0.100          0.981171
458  2.190773     4.992460  0.192976     0.000089    32768.0       0.1  0.100          0.981750
459  2.277348     5.468119  0.281805     0.000132    32768.0       0.1  0.100          0.982056
460  2.354944     5.911362  0.365599     0.000174    32768.0       0.1  0.100          0.982269
461  2.407554     6.222554  0.426236     0.000207    32768.0       0.1  0.100          0.982300
462  2.425801     6.334658  0.450146     0.000221    32768.0       0.1  0.100          0.982269
463  2.409306     6.239850  0.435093     0.000216    32768.0       0.1  0.100          0.982239
464  2.365315     5.982567  0.387853     0.000193    32768.0       0.1  0.100          0.982239
465  2.304562     5.633840  0.322835     0.000160    32768.0       0.1  0.100          0.981995
466  2.240038     5.271015  0.253247     0.000125    32768.0       0.1  0.100          0.981964
467  2.179798     4.940720  0.189200     0.000093    32768.0       0.1  0.100          0.981842
468  2.128307     4.665697  0.136005     0.000067    32768.0       0.1  0.100          0.980759
469  2.089026     4.459463  0.095435     0.000048    32768.0       0.1  0.100          0.980667
470  2.060577     4.312842  0.066865     0.000034    32768.0       0.1  0.100          0.980377
471  2.041852     4.217657  0.048497     0.000025    32768.0       0.1  0.100          0.980331
472  2.031057     4.163352  0.038158     0.000024    32768.0       0.1  0.100          0.980301
473  2.026330     4.139719  0.033705     0.000021    32768.0       0.1  0.100          0.980240
474  2.025930     4.137595  0.033203     0.000017    32768.0       0.1  0.100          0.980331
475  2.027896     4.147322  0.034959     0.000018    32768.0       0.1  0.100          0.980286
476  2.031096     4.163122  0.037772     0.000019    32768.0       0.1  0.100          0.980286
477  2.034287     4.178893  0.040571     0.000020    32768.0       0.1  0.100          0.980423
478  2.036959     4.191901  0.042698     0.000020    32768.0       0.1  0.100          0.980408
479  2.038756     4.200291  0.043763     0.000021    32768.0       0.1  0.100          0.980331
480  2.039218     4.201988  0.043576     0.000021    32768.0       0.1  0.100          0.980225
481  2.038582     4.198026  0.042208     0.000020    32768.0       0.1  0.100          0.980225
482  2.036849     4.188559  0.039804     0.000019    32768.0       0.1  0.100          0.980194
483  2.034234     4.174758  0.036650     0.000020    32768.0       0.1  0.100          0.980225
484  2.031050     4.158177  0.033012     0.000018    32768.0       0.1  0.100          0.980209
485  2.027602     4.140342  0.029172     0.000016    32768.0       0.1  0.100          0.980194
486  2.024150     4.122572  0.025390     0.000014    32768.0       0.1  0.100          0.980194
487  2.020950     4.106116  0.021879     0.000012    32768.0       0.1  0.100          0.980194
488  2.018309     4.092402  0.018829     0.000009    32768.0       0.1  0.100          0.980087
489  2.015837     4.079750  0.016151     0.000008    32768.0       0.1  0.100          0.980042
490  2.013763     4.069182  0.013940     0.000007    32768.0       0.1  0.100          0.980072
491  2.012132     4.060835  0.012160     0.000006    32768.0       0.1  0.100          0.980087
492  2.010852     4.054270  0.010742     0.000005    32768.0       0.1  0.100          0.980118
493  2.009863     4.049150  0.009602     0.000005    32768.0       0.1  0.100          0.980148
494  2.009025     4.044867  0.008683     0.000004    32768.0       0.1  0.100          0.980148
495  2.008289     4.041138  0.007911     0.000004    32768.0       0.1  0.100          0.980103
496  2.007674     4.037992  0.007237     0.000003    32768.0       0.1  0.100          0.980072
497  2.007067     4.034958  0.006638     0.000003    32768.0       0.1  0.100          0.980057
498  2.006494     4.032115  0.006095     0.000002    32768.0       0.1  0.100          0.980026
499  2.005915     4.029301  0.005607     0.000002    32768.0       0.1  0.100          0.980011
500  6.393135    45.637508  4.765337     0.001350    65536.0       0.1  0.001          0.979858
501  6.373483    45.367456  4.746170     0.001346    65536.0       0.1  0.001          0.979858
502  6.353536    45.095675  4.728260     0.001342    65536.0       0.1  0.001          0.979881
503  6.333775    44.825808  4.709108     0.001337    65536.0       0.1  0.001          0.979897
504  6.314156    44.558249  4.689677     0.001332    65536.0       0.1  0.001          0.979904
505  6.294555    44.293368  4.671949     0.001330    65536.0       0.1  0.001          0.979935
506  6.275119    44.029975  4.652860     0.001325    65536.0       0.1  0.001          0.979958
507  6.255231    43.761894  4.633980     0.001321    65536.0       0.1  0.001          0.979942
508  6.235817    43.500365  4.614957     0.001316    65536.0       0.1  0.001          0.979942
509  6.216438    43.240065  4.595958     0.001311    65536.0       0.1  0.001          0.979942
510  6.197016    42.980121  4.577119     0.001307    65536.0       0.1  0.001          0.979958
511  6.177712    42.722295  4.558170     0.001302    65536.0       0.1  0.001          0.979958
512  6.158501    42.467035  4.539897     0.001298    65536.0       0.1  0.001          0.979965
513  6.139274    42.211687  4.520998     0.001293    65536.0       0.1  0.001          0.979965
514  6.120087    41.957584  4.502125     0.001289    65536.0       0.1  0.001          0.979965
515  6.101012    41.705595  4.483252     0.001284    65536.0       0.1  0.001          0.979958
516  6.081599    41.450086  4.464238     0.001280    65536.0       0.1  0.001          0.979980
517  6.062412    41.197820  4.444976     0.001274    65536.0       0.1  0.001          0.979980
518  6.043388    40.948754  4.426218     0.001270    65536.0       0.1  0.001          0.979980
519  6.024519    40.702670  4.407845     0.001264    65536.0       0.1  0.001          0.979988
520  6.005737    40.457478  4.388596     0.001259    65536.0       0.1  0.001          0.980011
521  5.987237    40.218502  4.371496     0.001254    65536.0       0.1  0.001          0.980019
522  5.968416    39.974862  4.352874     0.001249    65536.0       0.1  0.001          0.980019
523  5.949605    39.732058  4.334259     0.001244    65536.0       0.1  0.001          0.980019
524  5.931071    39.492763  4.315158     0.001239    65536.0       0.1  0.001          0.980034
525  5.912322    39.252243  4.296694     0.001234    65536.0       0.1  0.001          0.980057
526  5.893747    39.014622  4.278365     0.001228    65536.0       0.1  0.001          0.980080
527  5.875355    38.780427  4.260633     0.001224    65536.0       0.1  0.001          0.980080
528  5.856624    38.542406  4.242363     0.001220    65536.0       0.1  0.001          0.980072
529  5.838085    38.307166  4.223933     0.001215    65536.0       0.1  0.001          0.980072
530  5.819592    38.073189  4.205537     0.001210    65536.0       0.1  0.001          0.980072
531  5.801090    37.839718  4.187075     0.001205    65536.0       0.1  0.001          0.980064
532  5.782692    37.608271  4.168745     0.001201    65536.0       0.1  0.001          0.980064
533  5.764333    37.378161  4.150629     0.001196    65536.0       0.1  0.001          0.980095
534  5.746111    37.150341  4.132545     0.001192    65536.0       0.1  0.001          0.980110
535  5.727858    36.922669  4.114314     0.001187    65536.0       0.1  0.001          0.980110
536  5.709653    36.696254  4.096117     0.001182    65536.0       0.1  0.001          0.980110
537  5.691648    36.472724  4.077872     0.001177    65536.0       0.1  0.001          0.980110
538  5.673541    36.248812  4.059745     0.001173    65536.0       0.1  0.001          0.980110
539  5.655614    36.027565  4.041591     0.001169    65536.0       0.1  0.001          0.980148
540  5.637431    35.803559  4.022931     0.001164    65536.0       0.1  0.001          0.980110
541  5.619475    35.583412  4.004912     0.001159    65536.0       0.1  0.001          0.980110
542  5.601772    35.366759  3.986906     0.001154    65536.0       0.1  0.001          0.980118
543  5.584340    35.153595  3.968745     0.001149    65536.0       0.1  0.001          0.980110
544  5.566492    34.937543  3.951715     0.001145    65536.0       0.1  0.001          0.980171
545  5.548739    34.722345  3.933840     0.001140    65536.0       0.1  0.001          0.980171
546  5.531141    34.509223  3.915700     0.001135    65536.0       0.1  0.001          0.980148
547  5.513492    34.296495  3.897900     0.001131    65536.0       0.1  0.001          0.980148
548  5.496005    34.086211  3.880145     0.001126    65536.0       0.1  0.001          0.980141
549  5.478713    33.878987  3.862695     0.001123    65536.0       0.1  0.001          0.980133
550  6.393135    45.637508  4.765337     0.001350    65536.0       0.1  0.005          0.979858
551  6.294542    44.293190  4.671935     0.001330    65536.0       0.1  0.005          0.979935
552  6.196938    42.979072  4.577036     0.001307    65536.0       0.1  0.005          0.979958
553  6.100767    41.702346  4.482990     0.001284    65536.0       0.1  0.005          0.979958
554  6.005179    40.450166  4.387997     0.001259    65536.0       0.1  0.005          0.980011
555  5.911268    39.238648  4.295560     0.001234    65536.0       0.1  0.005          0.980057
556  5.817839    38.050894  4.203643     0.001210    65536.0       0.1  0.005          0.980072
557  5.725185    36.889165  4.111417     0.001186    65536.0       0.1  0.005          0.980110
558  5.633609    35.756326  4.018773     0.001163    65536.0       0.1  0.005          0.980110
559  5.543531    34.658893  3.928151     0.001139    65536.0       0.1  0.005          0.980171
560  5.454437    33.588422  3.837544     0.001116    65536.0       0.1  0.005          0.980156
561  5.365430    32.536520  3.748684     0.001093    65536.0       0.1  0.005          0.980225
562  5.278190    31.518226  3.658934     0.001069    65536.0       0.1  0.005          0.980232
563  5.191591    30.523856  3.571235     0.001046    65536.0       0.1  0.005          0.980263
564  5.106548    29.560760  3.483930     0.001023    65536.0       0.1  0.005          0.980263
565  5.022683    28.624375  3.397027     0.000999    65536.0       0.1  0.005          0.980339
566  4.940348    27.718658  3.311615     0.000975    65536.0       0.1  0.005          0.980370
567  4.859299    26.839792  3.227003     0.000952    65536.0       0.1  0.005          0.980095
568  4.779532    25.986225  3.142298     0.000929    65536.0       0.1  0.005          0.980080
569  4.700892    25.157842  3.059460     0.000906    65536.0       0.1  0.005          0.980225
570  4.623547    24.354678  2.977492     0.000883    65536.0       0.1  0.005          0.980225
571  4.548084    23.581152  2.896084     0.000860    65536.0       0.1  0.005          0.980255
572  4.474043    22.832974  2.815916     0.000838    65536.0       0.1  0.005          0.980263
573  4.401000    22.106835  2.738033     0.000816    65536.0       0.1  0.005          0.980339
574  4.330187    21.412336  2.661819     0.000796    65536.0       0.1  0.005          0.980377
575  4.260106    20.733215  2.584711     0.000774    65536.0       0.1  0.005          0.980392
576  4.192048    20.082492  2.509225     0.000752    65536.0       0.1  0.005          0.980385
577  4.125515    19.455589  2.435714     0.000731    65536.0       0.1  0.005          0.980431
578  4.059718    18.847227  2.365917     0.000711    65536.0       0.1  0.005          0.980499
579  3.996343    18.266097  2.295343     0.000690    65536.0       0.1  0.005          0.980576
580  3.934179    17.703647  2.225881     0.000670    65536.0       0.1  0.005          0.980606
581  3.873869    17.165061  2.158197     0.000650    65536.0       0.1  0.005          0.980614
582  3.815204    16.647982  2.092204     0.000631    65536.0       0.1  0.005          0.980721
583  3.757939    16.149188  2.027079     0.000612    65536.0       0.1  0.005          0.980705
584  3.702272    15.671147  1.964327     0.000593    65536.0       0.1  0.005          0.980743
585  3.648765    15.216408  1.902919     0.000574    65536.0       0.1  0.005          0.980736
586  3.596384    14.776817  1.842841     0.000556    65536.0       0.1  0.005          0.980766
587  3.545606    14.356673  1.785348     0.000539    65536.0       0.1  0.005          0.980873
588  3.496230    13.952096  1.728473     0.000523    65536.0       0.1  0.005          0.980850
589  3.448545    13.565519  1.673056     0.000506    65536.0       0.1  0.005          0.980888
590  3.402368    13.195085  1.618981     0.000489    65536.0       0.1  0.005          0.980911
591  3.357443    12.839562  1.567137     0.000473    65536.0       0.1  0.005          0.980927
592  3.314070    12.499509  1.516449     0.000458    65536.0       0.1  0.005          0.980949
593  3.272038    12.173740  1.467505     0.000442    65536.0       0.1  0.005          0.981026
594  3.231362    11.861593  1.419894     0.000428    65536.0       0.1  0.005          0.981094
595  3.192196    11.563843  1.373726     0.000414    65536.0       0.1  0.005          0.981079
596  3.154512    11.280542  1.329596     0.000400    65536.0       0.1  0.005          0.981094
597  3.117691    11.006117  1.286123     0.000387    65536.0       0.1  0.005          0.981087
598  3.082039    10.743786  1.244822     0.000374    65536.0       0.1  0.005          0.981071
599  3.047805    10.493497  1.204381     0.000361    65536.0       0.1  0.005          0.981071
600  6.393135    45.637508  4.765337     0.001350    65536.0       0.1  0.010          0.979858
601  6.196918    42.978801  4.577014     0.001307    65536.0       0.1  0.010          0.979958
602  6.005085    40.448936  4.387896     0.001259    65536.0       0.1  0.010          0.980011
603  5.817564    38.047397  4.203346     0.001210    65536.0       0.1  0.010          0.980072
604  5.632996    35.748747  4.018104     0.001162    65536.0       0.1  0.010          0.980110
605  5.453279    33.574524  3.836272     0.001115    65536.0       0.1  0.010          0.980156
606  5.276240    31.495484  3.656772     0.001069    65536.0       0.1  0.010          0.980232
607  5.103521    29.526464  3.480543     0.001022    65536.0       0.1  0.010          0.980263
608  4.935928    27.670006  3.306624     0.000973    65536.0       0.1  0.010          0.980370
609  4.773379    25.920439  3.135289     0.000927    65536.0       0.1  0.010          0.980080
610  4.615312    24.269124  2.968024     0.000880    65536.0       0.1  0.010          0.980225
611  4.463367    22.725187  2.803539     0.000834    65536.0       0.1  0.010          0.980263
612  4.316742    21.280310  2.646051     0.000791    65536.0       0.1  0.010          0.980385
613  4.175391    19.923799  2.489911     0.000746    65536.0       0.1  0.010          0.980408
614  4.039659    18.661534  2.342687     0.000704    65536.0       0.1  0.010          0.980553
615  3.910464    17.489405  2.197676     0.000661    65536.0       0.1  0.010          0.980606
616  3.787662    16.405435  2.059052     0.000621    65536.0       0.1  0.010          0.980713
617  3.670926    15.402057  1.926361     0.000581    65536.0       0.1  0.010          0.980766
618  3.560721    14.478421  1.799685     0.000543    65536.0       0.1  0.010          0.980827
619  3.456712    13.628645  1.679787     0.000507    65536.0       0.1  0.010          0.980904
620  3.358224    12.843083  1.565417     0.000472    65536.0       0.1  0.010          0.980934
621  3.265929    12.123563  1.457272     0.000439    65536.0       0.1  0.010          0.981071
622  3.179478    11.464784  1.355702     0.000408    65536.0       0.1  0.010          0.981033
623  3.098454    10.861628  1.261210     0.000378    65536.0       0.1  0.010          0.981071
624  3.022981    10.311094  1.172681     0.000351    65536.0       0.1  0.010          0.981026
625  2.952834     9.807655  1.088425     0.000325    65536.0       0.1  0.010          0.980980
626  2.887059     9.347050  1.011942     0.000302    65536.0       0.1  0.010          0.980972
627  2.825711     8.924673  0.940031     0.000280    65536.0       0.1  0.010          0.980904
628  2.769157     8.541571  0.873339     0.000259    65536.0       0.1  0.010          0.980988
629  2.716467     8.191036  0.811843     0.000240    65536.0       0.1  0.010          0.981003
630  2.667746     7.871023  0.754156     0.000223    65536.0       0.1  0.010          0.980942
631  2.622313     7.578065  0.701538     0.000207    65536.0       0.1  0.010          0.981010
632  2.580170     7.310308  0.653030     0.000192    65536.0       0.1  0.010          0.980965
633  2.541337     7.066256  0.607861     0.000178    65536.0       0.1  0.010          0.980957
634  2.505690     6.844895  0.566411     0.000166    65536.0       0.1  0.010          0.980911
635  2.472179     6.640054  0.528384     0.000154    65536.0       0.1  0.010          0.981003
636  2.441272     6.453032  0.493222     0.000144    65536.0       0.1  0.010          0.980888
637  2.412630     6.281569  0.460786     0.000134    65536.0       0.1  0.010          0.980820
638  2.386088     6.123961  0.430544     0.000125    65536.0       0.1  0.010          0.980774
639  2.361527     5.979401  0.402591     0.000116    65536.0       0.1  0.010          0.980728
640  2.338989     5.847529  0.376658     0.000109    65536.0       0.1  0.010          0.980690
641  2.317822     5.725202  0.352903     0.000102    65536.0       0.1  0.010          0.980713
642  2.298202     5.612385  0.330651     0.000095    65536.0       0.1  0.010          0.980675
643  2.280056     5.508922  0.310268     0.000089    65536.0       0.1  0.010          0.980713
644  2.263052     5.412643  0.291239     0.000084    65536.0       0.1  0.010          0.980659
645  2.247381     5.324236  0.273513     0.000078    65536.0       0.1  0.010          0.980698
646  2.232725     5.242100  0.257037     0.000073    65536.0       0.1  0.010          0.980576
647  2.218999     5.165652  0.241695     0.000069    65536.0       0.1  0.010          0.980896
648  2.206218     5.094901  0.227503     0.000065    65536.0       0.1  0.010          0.980911
649  2.194151     5.028644  0.214343     0.000061    65536.0       0.1  0.010          0.980888
650  6.393135    45.637508  4.765337     0.001350    65536.0       0.1  0.050          0.979858
651  5.451796    33.556767  3.834682     0.001115    65536.0       0.1  0.050          0.980156
652  4.607377    24.186809  2.958890     0.000878    65536.0       0.1  0.050          0.980225
653  3.887600    17.283600  2.170163     0.000653    65536.0       0.1  0.050          0.980598
654  3.313122    12.486009  1.509235     0.000455    65536.0       0.1  0.050          0.981041
655  2.882954     9.315334  1.003912     0.000299    65536.0       0.1  0.050          0.980927
656  2.576781     7.285844  0.646046     0.000190    65536.0       0.1  0.050          0.980972
657  2.368866     6.020459  0.408935     0.000118    65536.0       0.1  0.050          0.980682
658  2.232164     5.238189  0.255631     0.000074    65536.0       0.1  0.050          0.981018
659  2.145234     4.762735  0.160706     0.000046    65536.0       0.1  0.050          0.980598
660  2.093903     4.489396  0.104966     0.000030    65536.0       0.1  0.050          0.980675
661  2.067459     4.350104  0.075718     0.000021    65536.0       0.1  0.050          0.980530
662  2.058530     4.302026  0.064481     0.000016    65536.0       0.1  0.050          0.980530
663  2.061112     4.313404  0.065221     0.000015    65536.0       0.1  0.050          0.980484
664  2.071218     4.363847  0.073903     0.000017    65536.0       0.1  0.050          0.980446
665  2.085713     4.437529  0.087332     0.000019    65536.0       0.1  0.050          0.980515
666  2.102231     4.522352  0.102978     0.000023    65536.0       0.1  0.050          0.980560
667  2.118724     4.607799  0.118808     0.000030    65536.0       0.1  0.050          0.980537
668  2.133478     4.685063  0.133333     0.000034    65536.0       0.1  0.050          0.980667
669  2.145496     4.748442  0.145289     0.000037    65536.0       0.1  0.050          0.980759
670  2.154004     4.793586  0.153854     0.000039    65536.0       0.1  0.050          0.980850
671  2.158703     4.818651  0.158652     0.000041    65536.0       0.1  0.050          0.980927
672  2.159322     4.822145  0.159475     0.000041    65536.0       0.1  0.050          0.980949
673  2.156147     4.805463  0.156493     0.000041    65536.0       0.1  0.050          0.980949
674  2.149651     4.771170  0.150171     0.000039    65536.0       0.1  0.050          0.980934
675  2.140421     4.722499  0.141097     0.000037    65536.0       0.1  0.050          0.980965
676  2.129166     4.663275  0.129928     0.000034    65536.0       0.1  0.050          0.980995
677  2.116692     4.597791  0.117404     0.000031    65536.0       0.1  0.050          0.981003
678  2.103447     4.528750  0.104260     0.000028    65536.0       0.1  0.050          0.981003
679  2.090257     4.460134  0.090958     0.000024    65536.0       0.1  0.050          0.980927
680  2.077422     4.393908  0.078224     0.000021    65536.0       0.1  0.050          0.980873
681  2.065343     4.332007  0.066364     0.000018    65536.0       0.1  0.050          0.980827
682  2.054249     4.275557  0.055619     0.000015    65536.0       0.1  0.050          0.980881
683  2.044364     4.225510  0.046087     0.000012    65536.0       0.1  0.050          0.980438
684  2.035893     4.182770  0.037909     0.000010    65536.0       0.1  0.050          0.980438
685  2.028693     4.146648  0.031055     0.000008    65536.0       0.1  0.050          0.980408
686  2.022816     4.117263  0.025479     0.000007    65536.0       0.1  0.050          0.980415
687  2.018128     4.093921  0.021079     0.000006    65536.0       0.1  0.050          0.980476
688  2.014530     4.076047  0.017715     0.000005    65536.0       0.1  0.050          0.980453
689  2.011810     4.062608  0.015228     0.000004    65536.0       0.1  0.050          0.980408
690  2.009902     4.053193  0.013487     0.000003    65536.0       0.1  0.050          0.980408
691  2.008635     4.046954  0.012338     0.000003    65536.0       0.1  0.050          0.980423
692  2.007851     4.043104  0.011637     0.000003    65536.0       0.1  0.050          0.980431
693  2.007428     4.041027  0.011259     0.000003    65536.0       0.1  0.050          0.980415
694  2.007243     4.040120  0.011093     0.000003    65536.0       0.1  0.050          0.980385
695  2.007230     4.040027  0.011054     0.000003    65536.0       0.1  0.050          0.980392
696  2.007239     4.040054  0.011048     0.000003    65536.0       0.1  0.050          0.980331
697  2.007278     4.040200  0.011035     0.000003    65536.0       0.1  0.050          0.980301
698  2.007308     4.040265  0.010981     0.000003    65536.0       0.1  0.050          0.980301
699  2.007280     4.040029  0.010857     0.000003    65536.0       0.1  0.050          0.980309
700  6.393135    45.637508  4.765337     0.001350    65536.0       0.1  0.100          0.979858
701  4.604400    24.156186  2.955690     0.000877    65536.0       0.1  0.100          0.980225
702  3.303936    12.414001  1.498008     0.000451    65536.0       0.1  0.100          0.981041
703  2.561848     7.191181  0.628118     0.000184    65536.0       0.1  0.100          0.980965
704  2.217202     5.154896  0.238909     0.000069    65536.0       0.1  0.100          0.980705
705  2.087432     4.455323  0.097950     0.000028    65536.0       0.1  0.100          0.980598
706  2.072146     4.371309  0.077519     0.000019    65536.0       0.1  0.100          0.980499
707  2.118298     4.608139  0.120951     0.000027    65536.0       0.1  0.100          0.980522
708  2.196697     5.025030  0.199551     0.000052    65536.0       0.1  0.100          0.980881
709  2.284965     5.513733  0.292667     0.000077    65536.0       0.1  0.100          0.981346
710  2.363323     5.965569  0.380275     0.000103    65536.0       0.1  0.100          0.981575
711  2.416536     6.282525  0.442878     0.000123    65536.0       0.1  0.100          0.981796
712  2.434227     6.392178  0.466717     0.000131    65536.0       0.1  0.100          0.981750
713  2.416639     6.290385  0.450240     0.000128    65536.0       0.1  0.100          0.981750
714  2.370768     6.020864  0.400323     0.000114    65536.0       0.1  0.100          0.981781
715  2.308784     5.662519  0.332034     0.000095    65536.0       0.1  0.100          0.981659
716  2.242954     5.290168  0.259327     0.000074    65536.0       0.1  0.100          0.981659
717  2.181851     4.953147  0.192673     0.000054    65536.0       0.1  0.100          0.981537
718  2.130142     4.675039  0.137534     0.000039    65536.0       0.1  0.100          0.981316
719  2.089894     4.463219  0.095563     0.000027    65536.0       0.1  0.100          0.980743
720  2.061131     4.314346  0.066086     0.000019    65536.0       0.1  0.100          0.980476
721  2.042249     4.218116  0.047333     0.000013    65536.0       0.1  0.100          0.980415
722  2.031441     4.163764  0.037011     0.000009    65536.0       0.1  0.100          0.980392
723  2.026700     4.140385  0.032871     0.000009    65536.0       0.1  0.100          0.980278
724  2.026326     4.138882  0.032884     0.000009    65536.0       0.1  0.100          0.980270
725  2.028429     4.149850  0.035326     0.000010    65536.0       0.1  0.100          0.980255
726  2.031802     4.167055  0.038836     0.000011    65536.0       0.1  0.100          0.980225
727  2.035201     4.184359  0.042316     0.000011    65536.0       0.1  0.100          0.980263
728  2.038012     4.198528  0.045037     0.000012    65536.0       0.1  0.100          0.980270
729  2.039815     4.207364  0.046518     0.000012    65536.0       0.1  0.100          0.980171
730  2.040268     4.209286  0.046592     0.000012    65536.0       0.1  0.100          0.980148
731  2.039438     4.204568  0.045261     0.000012    65536.0       0.1  0.100          0.980164
732  2.037434     4.193845  0.042707     0.000011    65536.0       0.1  0.100          0.980164
733  2.034530     4.178511  0.039200     0.000010    65536.0       0.1  0.100          0.980072
734  2.031014     4.160094  0.035075     0.000009    65536.0       0.1  0.100          0.980095
735  2.027191     4.140178  0.030676     0.000008    65536.0       0.1  0.100          0.980118
736  2.023393     4.120424  0.026307     0.000007    65536.0       0.1  0.100          0.980095
737  2.019843     4.102000  0.022233     0.000006    65536.0       0.1  0.100          0.980072
738  2.016765     4.085974  0.018635     0.000005    65536.0       0.1  0.100          0.980042
739  2.014309     4.073086  0.015644     0.000004    65536.0       0.1  0.100          0.979996
740  2.012273     4.062454  0.013212     0.000003    65536.0       0.1  0.100          0.980011
741  2.010774     4.054566  0.011355     0.000003    65536.0       0.1  0.100          0.980019
742  2.009728     4.048997  0.009990     0.000002    65536.0       0.1  0.100          0.980026
743  2.009022     4.045195  0.009025     0.000002    65536.0       0.1  0.100          0.980057
744  2.008545     4.042602  0.008347     0.000002    65536.0       0.1  0.100          0.980026
745  2.008236     4.040868  0.007856     0.000002    65536.0       0.1  0.100          0.980034
746  2.007966     4.039394  0.007467     0.000002    65536.0       0.1  0.100          0.979973
747  2.007684     4.037912  0.007116     0.000001    65536.0       0.1  0.100          0.979965
748  2.007339     4.036178  0.006767     0.000001    65536.0       0.1  0.100          0.979950
749  2.006935     4.034185  0.006398     0.000001    65536.0       0.1  0.100          0.979935
