       Energy  Energy_sqrd   QuantVar  BlockingVar  MCcycles  TimeStep    Eta  AcceptanceRation
0    7.508373    63.621591   7.245923     0.003868   16384.0       0.1  0.001          0.980011
1    3.306288    13.269552   2.338011     0.000418   16384.0       0.1  0.001          0.979980
2    3.256590    14.181448   3.576071     0.000494   16384.0       0.1  0.001          0.979797
3    3.258940    14.417134   3.796446     0.000507   16384.0       0.1  0.001          0.979767
4    3.259946    14.478766   3.851516     0.000510   16384.0       0.1  0.001          0.979767
5    3.260188    14.496641   3.867813     0.000511   16384.0       0.1  0.001          0.979767
6    3.260239    14.500509   3.871352     0.000511   16384.0       0.1  0.001          0.979767
7    3.260249    14.501299   3.872076     0.000511   16384.0       0.1  0.001          0.979767
8    3.260251    14.501459   3.872223     0.000511   16384.0       0.1  0.001          0.979767
9    3.260251    14.501491   3.872252     0.000511   16384.0       0.1  0.001          0.979767
10   3.260251    14.501497   3.872258     0.000511   16384.0       0.1  0.001          0.979767
11   3.260251    14.501499   3.872259     0.000511   16384.0       0.1  0.001          0.979767
12   3.260251    14.501499   3.872259     0.000511   16384.0       0.1  0.001          0.979767
13   0.000000     0.000000   0.000000     0.000000       0.0       0.0  0.000          0.000000
14   0.000000     0.000000   0.000000     0.000000       0.0       0.0  0.000          0.000000
15   0.000000     0.000000   0.000000     0.000000       0.0       0.0  0.000          0.000000
16   0.000000     0.000000   0.000000     0.000000       0.0       0.0  0.000          0.000000
17   0.000000     0.000000   0.000000     0.000000       0.0       0.0  0.000          0.000000
18   0.000000     0.000000   0.000000     0.000000       0.0       0.0  0.000          0.000000
19   0.000000     0.000000   0.000000     0.000000       0.0       0.0  0.000          0.000000
20   0.000000     0.000000   0.000000     0.000000       0.0       0.0  0.000          0.000000
21   0.000000     0.000000   0.000000     0.000000       0.0       0.0  0.000          0.000000
22   0.000000     0.000000   0.000000     0.000000       0.0       0.0  0.000          0.000000
23   0.000000     0.000000   0.000000     0.000000       0.0       0.0  0.000          0.000000
24   0.000000     0.000000   0.000000     0.000000       0.0       0.0  0.000          0.000000
25   0.000000     0.000000   0.000000     0.000000       0.0       0.0  0.000          0.000000
26   0.000000     0.000000   0.000000     0.000000       0.0       0.0  0.000          0.000000
27   0.000000     0.000000   0.000000     0.000000       0.0       0.0  0.000          0.000000
28   0.000000     0.000000   0.000000     0.000000       0.0       0.0  0.000          0.000000
29   0.000000     0.000000   0.000000     0.000000       0.0       0.0  0.000          0.000000
30   0.000000     0.000000   0.000000     0.000000       0.0       0.0  0.000          0.000000
31   0.000000     0.000000   0.000000     0.000000       0.0       0.0  0.000          0.000000
32   0.000000     0.000000   0.000000     0.000000       0.0       0.0  0.000          0.000000
33   0.000000     0.000000   0.000000     0.000000       0.0       0.0  0.000          0.000000
34   0.000000     0.000000   0.000000     0.000000       0.0       0.0  0.000          0.000000
35   0.000000     0.000000   0.000000     0.000000       0.0       0.0  0.000          0.000000
36   0.000000     0.000000   0.000000     0.000000       0.0       0.0  0.000          0.000000
37   0.000000     0.000000   0.000000     0.000000       0.0       0.0  0.000          0.000000
38   0.000000     0.000000   0.000000     0.000000       0.0       0.0  0.000          0.000000
39   0.000000     0.000000   0.000000     0.000000       0.0       0.0  0.000          0.000000
40   0.000000     0.000000   0.000000     0.000000       0.0       0.0  0.000          0.000000
41   0.000000     0.000000   0.000000     0.000000       0.0       0.0  0.000          0.000000
42   0.000000     0.000000   0.000000     0.000000       0.0       0.0  0.000          0.000000
43   0.000000     0.000000   0.000000     0.000000       0.0       0.0  0.000          0.000000
44   0.000000     0.000000   0.000000     0.000000       0.0       0.0  0.000          0.000000
45   0.000000     0.000000   0.000000     0.000000       0.0       0.0  0.000          0.000000
46   0.000000     0.000000   0.000000     0.000000       0.0       0.0  0.000          0.000000
47   0.000000     0.000000   0.000000     0.000000       0.0       0.0  0.000          0.000000
48   0.000000     0.000000   0.000000     0.000000       0.0       0.0  0.000          0.000000
49   0.000000     0.000000   0.000000     0.000000       0.0       0.0  0.000          0.000000
50   7.508373    63.621591   7.245923     0.003868   16384.0       0.1  0.005          0.980011
51   3.295456    13.169758   2.309727     0.000409   16384.0       0.1  0.005          0.979950
52   3.255723    14.124803   3.525073     0.000490   16384.0       0.1  0.005          0.979797
53   3.258468    14.348488   3.730871     0.000502   16384.0       0.1  0.005          0.979767
54   3.259505    14.413621   3.789245     0.000506   16384.0       0.1  0.005          0.979767
55   3.259752    14.432270   3.806290     0.000507   16384.0       0.1  0.005          0.979767
56   3.259803    14.436381   3.810066     0.000507   16384.0       0.1  0.005          0.979767
57   3.259813    14.437240   3.810856     0.000507   16384.0       0.1  0.005          0.979767
58   3.259816    14.437417   3.811019     0.000507   16384.0       0.1  0.005          0.979767
59   3.259816    14.437453   3.811053     0.000507   16384.0       0.1  0.005          0.979767
60   3.259816    14.437461   3.811060     0.000507   16384.0       0.1  0.005          0.979767
61   3.259816    14.437462   3.811061     0.000507   16384.0       0.1  0.005          0.979767
62   3.259816    14.437462   3.811062     0.000507   16384.0       0.1  0.005          0.979767
63   0.000000     0.000000   0.000000     0.000000       0.0       0.0  0.000          0.000000
64   0.000000     0.000000   0.000000     0.000000       0.0       0.0  0.000          0.000000
65   0.000000     0.000000   0.000000     0.000000       0.0       0.0  0.000          0.000000
66   0.000000     0.000000   0.000000     0.000000       0.0       0.0  0.000          0.000000
67   0.000000     0.000000   0.000000     0.000000       0.0       0.0  0.000          0.000000
68   0.000000     0.000000   0.000000     0.000000       0.0       0.0  0.000          0.000000
69   0.000000     0.000000   0.000000     0.000000       0.0       0.0  0.000          0.000000
70   0.000000     0.000000   0.000000     0.000000       0.0       0.0  0.000          0.000000
71   0.000000     0.000000   0.000000     0.000000       0.0       0.0  0.000          0.000000
72   0.000000     0.000000   0.000000     0.000000       0.0       0.0  0.000          0.000000
73   0.000000     0.000000   0.000000     0.000000       0.0       0.0  0.000          0.000000
74   0.000000     0.000000   0.000000     0.000000       0.0       0.0  0.000          0.000000
75   0.000000     0.000000   0.000000     0.000000       0.0       0.0  0.000          0.000000
76   0.000000     0.000000   0.000000     0.000000       0.0       0.0  0.000          0.000000
77   0.000000     0.000000   0.000000     0.000000       0.0       0.0  0.000          0.000000
78   0.000000     0.000000   0.000000     0.000000       0.0       0.0  0.000          0.000000
79   0.000000     0.000000   0.000000     0.000000       0.0       0.0  0.000          0.000000
80   0.000000     0.000000   0.000000     0.000000       0.0       0.0  0.000          0.000000
81   0.000000     0.000000   0.000000     0.000000       0.0       0.0  0.000          0.000000
82   0.000000     0.000000   0.000000     0.000000       0.0       0.0  0.000          0.000000
83   0.000000     0.000000   0.000000     0.000000       0.0       0.0  0.000          0.000000
84   0.000000     0.000000   0.000000     0.000000       0.0       0.0  0.000          0.000000
85   0.000000     0.000000   0.000000     0.000000       0.0       0.0  0.000          0.000000
86   0.000000     0.000000   0.000000     0.000000       0.0       0.0  0.000          0.000000
87   0.000000     0.000000   0.000000     0.000000       0.0       0.0  0.000          0.000000
88   0.000000     0.000000   0.000000     0.000000       0.0       0.0  0.000          0.000000
89   0.000000     0.000000   0.000000     0.000000       0.0       0.0  0.000          0.000000
90   0.000000     0.000000   0.000000     0.000000       0.0       0.0  0.000          0.000000
91   0.000000     0.000000   0.000000     0.000000       0.0       0.0  0.000          0.000000
92   0.000000     0.000000   0.000000     0.000000       0.0       0.0  0.000          0.000000
93   0.000000     0.000000   0.000000     0.000000       0.0       0.0  0.000          0.000000
94   0.000000     0.000000   0.000000     0.000000       0.0       0.0  0.000          0.000000
95   0.000000     0.000000   0.000000     0.000000       0.0       0.0  0.000          0.000000
96   0.000000     0.000000   0.000000     0.000000       0.0       0.0  0.000          0.000000
97   0.000000     0.000000   0.000000     0.000000       0.0       0.0  0.000          0.000000
98   0.000000     0.000000   0.000000     0.000000       0.0       0.0  0.000          0.000000
99   0.000000     0.000000   0.000000     0.000000       0.0       0.0  0.000          0.000000
100  7.508373    63.621591   7.245923     0.003868   16384.0       0.1  0.010          0.980011
101  3.284250    13.068859   2.282558     0.000399   16384.0       0.1  0.010          0.979797
102  3.254829    14.074438   3.480527     0.000486   16384.0       0.1  0.010          0.979797
103  3.257908    14.269297   3.655330     0.000497   16384.0       0.1  0.010          0.979767
104  3.258971    14.337215   3.716321     0.000500   16384.0       0.1  0.010          0.979767
105  3.259221    14.356484   3.733962     0.000502   16384.0       0.1  0.010          0.979767
106  3.259274    14.360805   3.737940     0.000502   16384.0       0.1  0.010          0.979767
107  3.259284    14.361724   3.738789     0.000502   16384.0       0.1  0.010          0.979767
108  3.259287    14.361918   3.738968     0.000502   16384.0       0.1  0.010          0.979767
109  3.259287    14.361958   3.739006     0.000502   16384.0       0.1  0.010          0.979767
110  3.259287    14.361966   3.739013     0.000502   16384.0       0.1  0.010          0.979767
111  3.259287    14.361968   3.739015     0.000502   16384.0       0.1  0.010          0.979767
112  3.259287    14.361969   3.739015     0.000502   16384.0       0.1  0.010          0.979767
113  0.000000     0.000000   0.000000     0.000000       0.0       0.0  0.000          0.000000
114  0.000000     0.000000   0.000000     0.000000       0.0       0.0  0.000          0.000000
115  0.000000     0.000000   0.000000     0.000000       0.0       0.0  0.000          0.000000
116  0.000000     0.000000   0.000000     0.000000       0.0       0.0  0.000          0.000000
117  0.000000     0.000000   0.000000     0.000000       0.0       0.0  0.000          0.000000
118  0.000000     0.000000   0.000000     0.000000       0.0       0.0  0.000          0.000000
119  0.000000     0.000000   0.000000     0.000000       0.0       0.0  0.000          0.000000
120  0.000000     0.000000   0.000000     0.000000       0.0       0.0  0.000          0.000000
121  0.000000     0.000000   0.000000     0.000000       0.0       0.0  0.000          0.000000
122  0.000000     0.000000   0.000000     0.000000       0.0       0.0  0.000          0.000000
123  0.000000     0.000000   0.000000     0.000000       0.0       0.0  0.000          0.000000
124  0.000000     0.000000   0.000000     0.000000       0.0       0.0  0.000          0.000000
125  0.000000     0.000000   0.000000     0.000000       0.0       0.0  0.000          0.000000
126  0.000000     0.000000   0.000000     0.000000       0.0       0.0  0.000          0.000000
127  0.000000     0.000000   0.000000     0.000000       0.0       0.0  0.000          0.000000
128  0.000000     0.000000   0.000000     0.000000       0.0       0.0  0.000          0.000000
129  0.000000     0.000000   0.000000     0.000000       0.0       0.0  0.000          0.000000
130  0.000000     0.000000   0.000000     0.000000       0.0       0.0  0.000          0.000000
131  0.000000     0.000000   0.000000     0.000000       0.0       0.0  0.000          0.000000
132  0.000000     0.000000   0.000000     0.000000       0.0       0.0  0.000          0.000000
133  0.000000     0.000000   0.000000     0.000000       0.0       0.0  0.000          0.000000
134  0.000000     0.000000   0.000000     0.000000       0.0       0.0  0.000          0.000000
135  0.000000     0.000000   0.000000     0.000000       0.0       0.0  0.000          0.000000
136  0.000000     0.000000   0.000000     0.000000       0.0       0.0  0.000          0.000000
137  0.000000     0.000000   0.000000     0.000000       0.0       0.0  0.000          0.000000
138  0.000000     0.000000   0.000000     0.000000       0.0       0.0  0.000          0.000000
139  0.000000     0.000000   0.000000     0.000000       0.0       0.0  0.000          0.000000
140  0.000000     0.000000   0.000000     0.000000       0.0       0.0  0.000          0.000000
141  0.000000     0.000000   0.000000     0.000000       0.0       0.0  0.000          0.000000
142  0.000000     0.000000   0.000000     0.000000       0.0       0.0  0.000          0.000000
143  0.000000     0.000000   0.000000     0.000000       0.0       0.0  0.000          0.000000
144  0.000000     0.000000   0.000000     0.000000       0.0       0.0  0.000          0.000000
145  0.000000     0.000000   0.000000     0.000000       0.0       0.0  0.000          0.000000
146  0.000000     0.000000   0.000000     0.000000       0.0       0.0  0.000          0.000000
147  0.000000     0.000000   0.000000     0.000000       0.0       0.0  0.000          0.000000
148  0.000000     0.000000   0.000000     0.000000       0.0       0.0  0.000          0.000000
149  0.000000     0.000000   0.000000     0.000000       0.0       0.0  0.000          0.000000
150  7.508373    63.621591   7.245923     0.003868   16384.0       0.1  0.050          0.980011
151  3.228646    12.524422   2.100270     0.000352   16384.0       0.1  0.050          0.979706
152  3.253590    14.564450   3.978600     0.000519   16384.0       0.1  0.050          0.979797
153  3.254286    13.835805   3.245427     0.000468   16384.0       0.1  0.050          0.979767
154  3.255293    13.885402   3.288470     0.000470   16384.0       0.1  0.050          0.979767
155  3.255557    13.902798   3.304145     0.000471   16384.0       0.1  0.050          0.979767
156  3.255620    13.907230   3.308169     0.000471   16384.0       0.1  0.050          0.979767
157  3.255634    13.908289   3.309133     0.000471   16384.0       0.1  0.050          0.979767
158  3.255638    13.908537   3.309360     0.000471   16384.0       0.1  0.050          0.979767
159  3.255639    13.908595   3.309412     0.000471   16384.0       0.1  0.050          0.979767
160  3.255639    13.908608   3.309425     0.000471   16384.0       0.1  0.050          0.979767
161  3.255639    13.908611   3.309428     0.000471   16384.0       0.1  0.050          0.979767
162  3.255639    13.908612   3.309428     0.000471   16384.0       0.1  0.050          0.979767
163  0.000000     0.000000   0.000000     0.000000       0.0       0.0  0.000          0.000000
164  0.000000     0.000000   0.000000     0.000000       0.0       0.0  0.000          0.000000
165  0.000000     0.000000   0.000000     0.000000       0.0       0.0  0.000          0.000000
166  0.000000     0.000000   0.000000     0.000000       0.0       0.0  0.000          0.000000
167  0.000000     0.000000   0.000000     0.000000       0.0       0.0  0.000          0.000000
168  0.000000     0.000000   0.000000     0.000000       0.0       0.0  0.000          0.000000
169  0.000000     0.000000   0.000000     0.000000       0.0       0.0  0.000          0.000000
170  0.000000     0.000000   0.000000     0.000000       0.0       0.0  0.000          0.000000
171  0.000000     0.000000   0.000000     0.000000       0.0       0.0  0.000          0.000000
172  0.000000     0.000000   0.000000     0.000000       0.0       0.0  0.000          0.000000
173  0.000000     0.000000   0.000000     0.000000       0.0       0.0  0.000          0.000000
174  0.000000     0.000000   0.000000     0.000000       0.0       0.0  0.000          0.000000
175  0.000000     0.000000   0.000000     0.000000       0.0       0.0  0.000          0.000000
176  0.000000     0.000000   0.000000     0.000000       0.0       0.0  0.000          0.000000
177  0.000000     0.000000   0.000000     0.000000       0.0       0.0  0.000          0.000000
178  0.000000     0.000000   0.000000     0.000000       0.0       0.0  0.000          0.000000
179  0.000000     0.000000   0.000000     0.000000       0.0       0.0  0.000          0.000000
180  0.000000     0.000000   0.000000     0.000000       0.0       0.0  0.000          0.000000
181  0.000000     0.000000   0.000000     0.000000       0.0       0.0  0.000          0.000000
182  0.000000     0.000000   0.000000     0.000000       0.0       0.0  0.000          0.000000
183  0.000000     0.000000   0.000000     0.000000       0.0       0.0  0.000          0.000000
184  0.000000     0.000000   0.000000     0.000000       0.0       0.0  0.000          0.000000
185  0.000000     0.000000   0.000000     0.000000       0.0       0.0  0.000          0.000000
186  0.000000     0.000000   0.000000     0.000000       0.0       0.0  0.000          0.000000
187  0.000000     0.000000   0.000000     0.000000       0.0       0.0  0.000          0.000000
188  0.000000     0.000000   0.000000     0.000000       0.0       0.0  0.000          0.000000
189  0.000000     0.000000   0.000000     0.000000       0.0       0.0  0.000          0.000000
190  0.000000     0.000000   0.000000     0.000000       0.0       0.0  0.000          0.000000
191  0.000000     0.000000   0.000000     0.000000       0.0       0.0  0.000          0.000000
192  0.000000     0.000000   0.000000     0.000000       0.0       0.0  0.000          0.000000
193  0.000000     0.000000   0.000000     0.000000       0.0       0.0  0.000          0.000000
194  0.000000     0.000000   0.000000     0.000000       0.0       0.0  0.000          0.000000
195  0.000000     0.000000   0.000000     0.000000       0.0       0.0  0.000          0.000000
196  0.000000     0.000000   0.000000     0.000000       0.0       0.0  0.000          0.000000
197  0.000000     0.000000   0.000000     0.000000       0.0       0.0  0.000          0.000000
198  0.000000     0.000000   0.000000     0.000000       0.0       0.0  0.000          0.000000
199  0.000000     0.000000   0.000000     0.000000       0.0       0.0  0.000          0.000000
200  7.508373    63.621591   7.245923     0.003868   16384.0       0.1  0.100          0.980011
201  3.263210    12.853249   2.204707     0.000387   16384.0       0.1  0.100          0.979797
202  3.310406    89.448606  78.489821     0.004828   16384.0       0.1  0.100          0.979797
203  3.251235    13.618083   3.047553     0.000452   16384.0       0.1  0.100          0.979797
204  3.251638    13.567446   2.994295     0.000448   16384.0       0.1  0.100          0.979767
205  3.252073    13.582629   3.006652     0.000449   16384.0       0.1  0.100          0.979767
206  3.252202    13.588618   3.011800     0.000449   16384.0       0.1  0.100          0.979767
207  3.252236    13.590299   3.013259     0.000449   16384.0       0.1  0.100          0.979767
208  3.252245    13.590741   3.013644     0.000449   16384.0       0.1  0.100          0.979767
209  3.252247    13.590855   3.013744     0.000449   16384.0       0.1  0.100          0.979767
210  3.252248    13.590884   3.013770     0.000449   16384.0       0.1  0.100          0.979767
211  3.252248    13.590892   3.013776     0.000449   16384.0       0.1  0.100          0.979767
212  3.252248    13.590894   3.013778     0.000449   16384.0       0.1  0.100          0.979767
213  3.252248    13.590894   3.013778     0.000449   16384.0       0.1  0.100          0.979767
214  0.000000     0.000000   0.000000     0.000000       0.0       0.0  0.000          0.000000
215  0.000000     0.000000   0.000000     0.000000       0.0       0.0  0.000          0.000000
216  0.000000     0.000000   0.000000     0.000000       0.0       0.0  0.000          0.000000
217  0.000000     0.000000   0.000000     0.000000       0.0       0.0  0.000          0.000000
218  0.000000     0.000000   0.000000     0.000000       0.0       0.0  0.000          0.000000
219  0.000000     0.000000   0.000000     0.000000       0.0       0.0  0.000          0.000000
220  0.000000     0.000000   0.000000     0.000000       0.0       0.0  0.000          0.000000
221  0.000000     0.000000   0.000000     0.000000       0.0       0.0  0.000          0.000000
222  0.000000     0.000000   0.000000     0.000000       0.0       0.0  0.000          0.000000
223  0.000000     0.000000   0.000000     0.000000       0.0       0.0  0.000          0.000000
224  0.000000     0.000000   0.000000     0.000000       0.0       0.0  0.000          0.000000
225  0.000000     0.000000   0.000000     0.000000       0.0       0.0  0.000          0.000000
226  0.000000     0.000000   0.000000     0.000000       0.0       0.0  0.000          0.000000
227  0.000000     0.000000   0.000000     0.000000       0.0       0.0  0.000          0.000000
228  0.000000     0.000000   0.000000     0.000000       0.0       0.0  0.000          0.000000
229  0.000000     0.000000   0.000000     0.000000       0.0       0.0  0.000          0.000000
230  0.000000     0.000000   0.000000     0.000000       0.0       0.0  0.000          0.000000
231  0.000000     0.000000   0.000000     0.000000       0.0       0.0  0.000          0.000000
232  0.000000     0.000000   0.000000     0.000000       0.0       0.0  0.000          0.000000
233  0.000000     0.000000   0.000000     0.000000       0.0       0.0  0.000          0.000000
234  0.000000     0.000000   0.000000     0.000000       0.0       0.0  0.000          0.000000
235  0.000000     0.000000   0.000000     0.000000       0.0       0.0  0.000          0.000000
236  0.000000     0.000000   0.000000     0.000000       0.0       0.0  0.000          0.000000
237  0.000000     0.000000   0.000000     0.000000       0.0       0.0  0.000          0.000000
238  0.000000     0.000000   0.000000     0.000000       0.0       0.0  0.000          0.000000
239  0.000000     0.000000   0.000000     0.000000       0.0       0.0  0.000          0.000000
240  0.000000     0.000000   0.000000     0.000000       0.0       0.0  0.000          0.000000
241  0.000000     0.000000   0.000000     0.000000       0.0       0.0  0.000          0.000000
242  0.000000     0.000000   0.000000     0.000000       0.0       0.0  0.000          0.000000
243  0.000000     0.000000   0.000000     0.000000       0.0       0.0  0.000          0.000000
244  0.000000     0.000000   0.000000     0.000000       0.0       0.0  0.000          0.000000
245  0.000000     0.000000   0.000000     0.000000       0.0       0.0  0.000          0.000000
246  0.000000     0.000000   0.000000     0.000000       0.0       0.0  0.000          0.000000
247  0.000000     0.000000   0.000000     0.000000       0.0       0.0  0.000          0.000000
248  0.000000     0.000000   0.000000     0.000000       0.0       0.0  0.000          0.000000
249  0.000000     0.000000   0.000000     0.000000       0.0       0.0  0.000          0.000000
250  7.563474    64.918255   7.712120     0.002455   32768.0       0.1  0.001          0.979630
251  3.320510    14.340127   3.314340     0.000267   32768.0       0.1  0.001          0.979416
252  3.246444    13.967602   3.428204     0.000243   32768.0       0.1  0.001          0.979645
253  3.244569    14.057978   3.530747     0.000244   32768.0       0.1  0.001          0.979630
254  3.245158    14.193797   3.662748     0.000248   32768.0       0.1  0.001          0.979630
255  3.245314    14.227218   3.695153     0.000249   32768.0       0.1  0.001          0.979630
256  3.245347    14.234157   3.701879     0.000249   32768.0       0.1  0.001          0.979630
257  3.245354    14.235560   3.703239     0.000249   32768.0       0.1  0.001          0.979630
258  3.245355    14.235843   3.703513     0.000249   32768.0       0.1  0.001          0.979630
259  3.245355    14.235900   3.703568     0.000249   32768.0       0.1  0.001          0.979630
260  3.245355    14.235911   3.703579     0.000249   32768.0       0.1  0.001          0.979630
261  3.245355    14.235913   3.703581     0.000249   32768.0       0.1  0.001          0.979630
262  3.245355    14.235914   3.703582     0.000249   32768.0       0.1  0.001          0.979630
263  0.000000     0.000000   0.000000     0.000000       0.0       0.0  0.000          0.000000
264  0.000000     0.000000   0.000000     0.000000       0.0       0.0  0.000          0.000000
265  0.000000     0.000000   0.000000     0.000000       0.0       0.0  0.000          0.000000
266  0.000000     0.000000   0.000000     0.000000       0.0       0.0  0.000          0.000000
267  0.000000     0.000000   0.000000     0.000000       0.0       0.0  0.000          0.000000
268  0.000000     0.000000   0.000000     0.000000       0.0       0.0  0.000          0.000000
269  0.000000     0.000000   0.000000     0.000000       0.0       0.0  0.000          0.000000
270  0.000000     0.000000   0.000000     0.000000       0.0       0.0  0.000          0.000000
271  0.000000     0.000000   0.000000     0.000000       0.0       0.0  0.000          0.000000
272  0.000000     0.000000   0.000000     0.000000       0.0       0.0  0.000          0.000000
273  0.000000     0.000000   0.000000     0.000000       0.0       0.0  0.000          0.000000
274  0.000000     0.000000   0.000000     0.000000       0.0       0.0  0.000          0.000000
275  0.000000     0.000000   0.000000     0.000000       0.0       0.0  0.000          0.000000
276  0.000000     0.000000   0.000000     0.000000       0.0       0.0  0.000          0.000000
277  0.000000     0.000000   0.000000     0.000000       0.0       0.0  0.000          0.000000
278  0.000000     0.000000   0.000000     0.000000       0.0       0.0  0.000          0.000000
279  0.000000     0.000000   0.000000     0.000000       0.0       0.0  0.000          0.000000
280  0.000000     0.000000   0.000000     0.000000       0.0       0.0  0.000          0.000000
281  0.000000     0.000000   0.000000     0.000000       0.0       0.0  0.000          0.000000
282  0.000000     0.000000   0.000000     0.000000       0.0       0.0  0.000          0.000000
283  0.000000     0.000000   0.000000     0.000000       0.0       0.0  0.000          0.000000
284  0.000000     0.000000   0.000000     0.000000       0.0       0.0  0.000          0.000000
285  0.000000     0.000000   0.000000     0.000000       0.0       0.0  0.000          0.000000
286  0.000000     0.000000   0.000000     0.000000       0.0       0.0  0.000          0.000000
287  0.000000     0.000000   0.000000     0.000000       0.0       0.0  0.000          0.000000
288  0.000000     0.000000   0.000000     0.000000       0.0       0.0  0.000          0.000000
289  0.000000     0.000000   0.000000     0.000000       0.0       0.0  0.000          0.000000
290  0.000000     0.000000   0.000000     0.000000       0.0       0.0  0.000          0.000000
291  0.000000     0.000000   0.000000     0.000000       0.0       0.0  0.000          0.000000
292  0.000000     0.000000   0.000000     0.000000       0.0       0.0  0.000          0.000000
293  0.000000     0.000000   0.000000     0.000000       0.0       0.0  0.000          0.000000
294  0.000000     0.000000   0.000000     0.000000       0.0       0.0  0.000          0.000000
295  0.000000     0.000000   0.000000     0.000000       0.0       0.0  0.000          0.000000
296  0.000000     0.000000   0.000000     0.000000       0.0       0.0  0.000          0.000000
297  0.000000     0.000000   0.000000     0.000000       0.0       0.0  0.000          0.000000
298  0.000000     0.000000   0.000000     0.000000       0.0       0.0  0.000          0.000000
299  0.000000     0.000000   0.000000     0.000000       0.0       0.0  0.000          0.000000
300  7.563474    64.918255   7.712120     0.002455   32768.0       0.1  0.005          0.979630
301  3.309886    14.302418   3.347071     0.000265   32768.0       0.1  0.005          0.979401
302  3.245856    13.953211   3.417628     0.000243   32768.0       0.1  0.005          0.979645
303  3.244268    14.004490   3.479218     0.000242   32768.0       0.1  0.005          0.979630
304  3.244851    14.131687   3.602631     0.000246   32768.0       0.1  0.005          0.979630
305  3.245004    14.163506   3.633454     0.000247   32768.0       0.1  0.005          0.979630
306  3.245037    14.170238   3.639976     0.000247   32768.0       0.1  0.005          0.979630
307  3.245043    14.171626   3.641320     0.000247   32768.0       0.1  0.005          0.979630
308  3.245045    14.171910   3.641596     0.000247   32768.0       0.1  0.005          0.979630
309  3.245045    14.171968   3.641652     0.000247   32768.0       0.1  0.005          0.979630
310  3.245045    14.171980   3.641664     0.000247   32768.0       0.1  0.005          0.979630
311  3.245045    14.171983   3.641666     0.000247   32768.0       0.1  0.005          0.979630
312  3.245045    14.171983   3.641667     0.000247   32768.0       0.1  0.005          0.979630
313  0.000000     0.000000   0.000000     0.000000       0.0       0.0  0.000          0.000000
314  0.000000     0.000000   0.000000     0.000000       0.0       0.0  0.000          0.000000
315  0.000000     0.000000   0.000000     0.000000       0.0       0.0  0.000          0.000000
316  0.000000     0.000000   0.000000     0.000000       0.0       0.0  0.000          0.000000
317  0.000000     0.000000   0.000000     0.000000       0.0       0.0  0.000          0.000000
318  0.000000     0.000000   0.000000     0.000000       0.0       0.0  0.000          0.000000
319  0.000000     0.000000   0.000000     0.000000       0.0       0.0  0.000          0.000000
320  0.000000     0.000000   0.000000     0.000000       0.0       0.0  0.000          0.000000
321  0.000000     0.000000   0.000000     0.000000       0.0       0.0  0.000          0.000000
322  0.000000     0.000000   0.000000     0.000000       0.0       0.0  0.000          0.000000
323  0.000000     0.000000   0.000000     0.000000       0.0       0.0  0.000          0.000000
324  0.000000     0.000000   0.000000     0.000000       0.0       0.0  0.000          0.000000
325  0.000000     0.000000   0.000000     0.000000       0.0       0.0  0.000          0.000000
326  0.000000     0.000000   0.000000     0.000000       0.0       0.0  0.000          0.000000
327  0.000000     0.000000   0.000000     0.000000       0.0       0.0  0.000          0.000000
328  0.000000     0.000000   0.000000     0.000000       0.0       0.0  0.000          0.000000
329  0.000000     0.000000   0.000000     0.000000       0.0       0.0  0.000          0.000000
330  0.000000     0.000000   0.000000     0.000000       0.0       0.0  0.000          0.000000
331  0.000000     0.000000   0.000000     0.000000       0.0       0.0  0.000          0.000000
332  0.000000     0.000000   0.000000     0.000000       0.0       0.0  0.000          0.000000
333  0.000000     0.000000   0.000000     0.000000       0.0       0.0  0.000          0.000000
334  0.000000     0.000000   0.000000     0.000000       0.0       0.0  0.000          0.000000
335  0.000000     0.000000   0.000000     0.000000       0.0       0.0  0.000          0.000000
336  0.000000     0.000000   0.000000     0.000000       0.0       0.0  0.000          0.000000
337  0.000000     0.000000   0.000000     0.000000       0.0       0.0  0.000          0.000000
338  0.000000     0.000000   0.000000     0.000000       0.0       0.0  0.000          0.000000
339  0.000000     0.000000   0.000000     0.000000       0.0       0.0  0.000          0.000000
340  0.000000     0.000000   0.000000     0.000000       0.0       0.0  0.000          0.000000
341  0.000000     0.000000   0.000000     0.000000       0.0       0.0  0.000          0.000000
342  0.000000     0.000000   0.000000     0.000000       0.0       0.0  0.000          0.000000
343  0.000000     0.000000   0.000000     0.000000       0.0       0.0  0.000          0.000000
344  0.000000     0.000000   0.000000     0.000000       0.0       0.0  0.000          0.000000
345  0.000000     0.000000   0.000000     0.000000       0.0       0.0  0.000          0.000000
346  0.000000     0.000000   0.000000     0.000000       0.0       0.0  0.000          0.000000
347  0.000000     0.000000   0.000000     0.000000       0.0       0.0  0.000          0.000000
348  0.000000     0.000000   0.000000     0.000000       0.0       0.0  0.000          0.000000
349  0.000000     0.000000   0.000000     0.000000       0.0       0.0  0.000          0.000000
350  7.563474    64.918255   7.712120     0.002455   32768.0       0.1  0.010          0.979630
351  3.298568    14.287518   3.406970     0.000263   32768.0       0.1  0.010          0.979309
352  3.245248    13.940802   3.409167     0.000242   32768.0       0.1  0.010          0.979645
353  3.243913    13.942878   3.419909     0.000240   32768.0       0.1  0.010          0.979630
354  3.244482    14.059678   3.533011     0.000244   32768.0       0.1  0.010          0.979630
355  3.244631    14.089454   3.561822     0.000244   32768.0       0.1  0.010          0.979630
356  3.244663    14.095880   3.568041     0.000245   32768.0       0.1  0.010          0.979630
357  3.244670    14.097230   3.569348     0.000245   32768.0       0.1  0.010          0.979630
358  3.244671    14.097512   3.569621     0.000245   32768.0       0.1  0.010          0.979630
359  3.244671    14.097571   3.569678     0.000245   32768.0       0.1  0.010          0.979630
360  3.244671    14.097583   3.569690     0.000245   32768.0       0.1  0.010          0.979630
361  3.244671    14.097585   3.569692     0.000245   32768.0       0.1  0.010          0.979630
362  3.244671    14.097586   3.569693     0.000245   32768.0       0.1  0.010          0.979630
363  0.000000     0.000000   0.000000     0.000000       0.0       0.0  0.000          0.000000
364  0.000000     0.000000   0.000000     0.000000       0.0       0.0  0.000          0.000000
365  0.000000     0.000000   0.000000     0.000000       0.0       0.0  0.000          0.000000
366  0.000000     0.000000   0.000000     0.000000       0.0       0.0  0.000          0.000000
367  0.000000     0.000000   0.000000     0.000000       0.0       0.0  0.000          0.000000
368  0.000000     0.000000   0.000000     0.000000       0.0       0.0  0.000          0.000000
369  0.000000     0.000000   0.000000     0.000000       0.0       0.0  0.000          0.000000
370  0.000000     0.000000   0.000000     0.000000       0.0       0.0  0.000          0.000000
371  0.000000     0.000000   0.000000     0.000000       0.0       0.0  0.000          0.000000
372  0.000000     0.000000   0.000000     0.000000       0.0       0.0  0.000          0.000000
373  0.000000     0.000000   0.000000     0.000000       0.0       0.0  0.000          0.000000
374  0.000000     0.000000   0.000000     0.000000       0.0       0.0  0.000          0.000000
375  0.000000     0.000000   0.000000     0.000000       0.0       0.0  0.000          0.000000
376  0.000000     0.000000   0.000000     0.000000       0.0       0.0  0.000          0.000000
377  0.000000     0.000000   0.000000     0.000000       0.0       0.0  0.000          0.000000
378  0.000000     0.000000   0.000000     0.000000       0.0       0.0  0.000          0.000000
379  0.000000     0.000000   0.000000     0.000000       0.0       0.0  0.000          0.000000
380  0.000000     0.000000   0.000000     0.000000       0.0       0.0  0.000          0.000000
381  0.000000     0.000000   0.000000     0.000000       0.0       0.0  0.000          0.000000
382  0.000000     0.000000   0.000000     0.000000       0.0       0.0  0.000          0.000000
383  0.000000     0.000000   0.000000     0.000000       0.0       0.0  0.000          0.000000
384  0.000000     0.000000   0.000000     0.000000       0.0       0.0  0.000          0.000000
385  0.000000     0.000000   0.000000     0.000000       0.0       0.0  0.000          0.000000
386  0.000000     0.000000   0.000000     0.000000       0.0       0.0  0.000          0.000000
387  0.000000     0.000000   0.000000     0.000000       0.0       0.0  0.000          0.000000
388  0.000000     0.000000   0.000000     0.000000       0.0       0.0  0.000          0.000000
389  0.000000     0.000000   0.000000     0.000000       0.0       0.0  0.000          0.000000
390  0.000000     0.000000   0.000000     0.000000       0.0       0.0  0.000          0.000000
391  0.000000     0.000000   0.000000     0.000000       0.0       0.0  0.000          0.000000
392  0.000000     0.000000   0.000000     0.000000       0.0       0.0  0.000          0.000000
393  0.000000     0.000000   0.000000     0.000000       0.0       0.0  0.000          0.000000
394  0.000000     0.000000   0.000000     0.000000       0.0       0.0  0.000          0.000000
395  0.000000     0.000000   0.000000     0.000000       0.0       0.0  0.000          0.000000
396  0.000000     0.000000   0.000000     0.000000       0.0       0.0  0.000          0.000000
397  0.000000     0.000000   0.000000     0.000000       0.0       0.0  0.000          0.000000
398  0.000000     0.000000   0.000000     0.000000       0.0       0.0  0.000          0.000000
399  0.000000     0.000000   0.000000     0.000000       0.0       0.0  0.000          0.000000
400  7.563474    64.918255   7.712120     0.002455   32768.0       0.1  0.050          0.979630
401  3.251882    15.936712   5.361976     0.000318   32768.0       0.1  0.050          0.979660
402  3.243748    14.034323   3.512423     0.000245   32768.0       0.1  0.050          0.979645
403  3.241680    13.595618   3.087127     0.000229   32768.0       0.1  0.050          0.979630
404  3.242062    13.650164   3.139199     0.000230   32768.0       0.1  0.050          0.979630
405  3.242180    13.667496   3.155764     0.000231   32768.0       0.1  0.050          0.979630
406  3.242209    13.671739   3.159820     0.000231   32768.0       0.1  0.050          0.979630
407  3.242216    13.672733   3.160770     0.000231   32768.0       0.1  0.050          0.979630
408  3.242217    13.672962   3.160989     0.000231   32768.0       0.1  0.050          0.979630
409  3.242218    13.673014   3.161039     0.000231   32768.0       0.1  0.050          0.979630
410  3.242218    13.673026   3.161050     0.000231   32768.0       0.1  0.050          0.979630
411  3.242218    13.673029   3.161053     0.000231   32768.0       0.1  0.050          0.979630
412  3.242218    13.673030   3.161053     0.000231   32768.0       0.1  0.050          0.979630
413  0.000000     0.000000   0.000000     0.000000       0.0       0.0  0.000          0.000000
414  0.000000     0.000000   0.000000     0.000000       0.0       0.0  0.000          0.000000
415  0.000000     0.000000   0.000000     0.000000       0.0       0.0  0.000          0.000000
416  0.000000     0.000000   0.000000     0.000000       0.0       0.0  0.000          0.000000
417  0.000000     0.000000   0.000000     0.000000       0.0       0.0  0.000          0.000000
418  0.000000     0.000000   0.000000     0.000000       0.0       0.0  0.000          0.000000
419  0.000000     0.000000   0.000000     0.000000       0.0       0.0  0.000          0.000000
420  0.000000     0.000000   0.000000     0.000000       0.0       0.0  0.000          0.000000
421  0.000000     0.000000   0.000000     0.000000       0.0       0.0  0.000          0.000000
422  0.000000     0.000000   0.000000     0.000000       0.0       0.0  0.000          0.000000
423  0.000000     0.000000   0.000000     0.000000       0.0       0.0  0.000          0.000000
424  0.000000     0.000000   0.000000     0.000000       0.0       0.0  0.000          0.000000
425  0.000000     0.000000   0.000000     0.000000       0.0       0.0  0.000          0.000000
426  0.000000     0.000000   0.000000     0.000000       0.0       0.0  0.000          0.000000
427  0.000000     0.000000   0.000000     0.000000       0.0       0.0  0.000          0.000000
428  0.000000     0.000000   0.000000     0.000000       0.0       0.0  0.000          0.000000
429  0.000000     0.000000   0.000000     0.000000       0.0       0.0  0.000          0.000000
430  0.000000     0.000000   0.000000     0.000000       0.0       0.0  0.000          0.000000
431  0.000000     0.000000   0.000000     0.000000       0.0       0.0  0.000          0.000000
432  0.000000     0.000000   0.000000     0.000000       0.0       0.0  0.000          0.000000
433  0.000000     0.000000   0.000000     0.000000       0.0       0.0  0.000          0.000000
434  0.000000     0.000000   0.000000     0.000000       0.0       0.0  0.000          0.000000
435  0.000000     0.000000   0.000000     0.000000       0.0       0.0  0.000          0.000000
436  0.000000     0.000000   0.000000     0.000000       0.0       0.0  0.000          0.000000
437  0.000000     0.000000   0.000000     0.000000       0.0       0.0  0.000          0.000000
438  0.000000     0.000000   0.000000     0.000000       0.0       0.0  0.000          0.000000
439  0.000000     0.000000   0.000000     0.000000       0.0       0.0  0.000          0.000000
440  0.000000     0.000000   0.000000     0.000000       0.0       0.0  0.000          0.000000
441  0.000000     0.000000   0.000000     0.000000       0.0       0.0  0.000          0.000000
442  0.000000     0.000000   0.000000     0.000000       0.0       0.0  0.000          0.000000
443  0.000000     0.000000   0.000000     0.000000       0.0       0.0  0.000          0.000000
444  0.000000     0.000000   0.000000     0.000000       0.0       0.0  0.000          0.000000
445  0.000000     0.000000   0.000000     0.000000       0.0       0.0  0.000          0.000000
446  0.000000     0.000000   0.000000     0.000000       0.0       0.0  0.000          0.000000
447  0.000000     0.000000   0.000000     0.000000       0.0       0.0  0.000          0.000000
448  0.000000     0.000000   0.000000     0.000000       0.0       0.0  0.000          0.000000
449  0.000000     0.000000   0.000000     0.000000       0.0       0.0  0.000          0.000000
450  7.563474    64.918255   7.712120     0.002455   32768.0       0.1  0.100          0.979630
451  3.294675    21.516461  10.661580     0.000600   32768.0       0.1  0.100          0.979736
452  3.248249    16.233452   5.682333     0.000316   32768.0       0.1  0.100          0.979645
453  3.239831    13.377311   2.880805     0.000221   32768.0       0.1  0.100          0.979630
454  3.240025    13.384786   2.887027     0.000221   32768.0       0.1  0.100          0.979630
455  3.240143    13.395514   2.896987     0.000221   32768.0       0.1  0.100          0.979630
456  3.240177    13.398776   2.900028     0.000221   32768.0       0.1  0.100          0.979630
457  3.240186    13.399636   2.900830     0.000221   32768.0       0.1  0.100          0.979630
458  3.240188    13.399854   2.901033     0.000221   32768.0       0.1  0.100          0.979630
459  3.240189    13.399908   2.901084     0.000222   32768.0       0.1  0.100          0.979630
460  3.240189    13.399922   2.901097     0.000222   32768.0       0.1  0.100          0.979630
461  3.240189    13.399925   2.901100     0.000222   32768.0       0.1  0.100          0.979630
462  3.240189    13.399926   2.901101     0.000222   32768.0       0.1  0.100          0.979630
463  0.000000     0.000000   0.000000     0.000000       0.0       0.0  0.000          0.000000
464  0.000000     0.000000   0.000000     0.000000       0.0       0.0  0.000          0.000000
465  0.000000     0.000000   0.000000     0.000000       0.0       0.0  0.000          0.000000
466  0.000000     0.000000   0.000000     0.000000       0.0       0.0  0.000          0.000000
467  0.000000     0.000000   0.000000     0.000000       0.0       0.0  0.000          0.000000
468  0.000000     0.000000   0.000000     0.000000       0.0       0.0  0.000          0.000000
469  0.000000     0.000000   0.000000     0.000000       0.0       0.0  0.000          0.000000
470  0.000000     0.000000   0.000000     0.000000       0.0       0.0  0.000          0.000000
471  0.000000     0.000000   0.000000     0.000000       0.0       0.0  0.000          0.000000
472  0.000000     0.000000   0.000000     0.000000       0.0       0.0  0.000          0.000000
473  0.000000     0.000000   0.000000     0.000000       0.0       0.0  0.000          0.000000
474  0.000000     0.000000   0.000000     0.000000       0.0       0.0  0.000          0.000000
475  0.000000     0.000000   0.000000     0.000000       0.0       0.0  0.000          0.000000
476  0.000000     0.000000   0.000000     0.000000       0.0       0.0  0.000          0.000000
477  0.000000     0.000000   0.000000     0.000000       0.0       0.0  0.000          0.000000
478  0.000000     0.000000   0.000000     0.000000       0.0       0.0  0.000          0.000000
479  0.000000     0.000000   0.000000     0.000000       0.0       0.0  0.000          0.000000
480  0.000000     0.000000   0.000000     0.000000       0.0       0.0  0.000          0.000000
481  0.000000     0.000000   0.000000     0.000000       0.0       0.0  0.000          0.000000
482  0.000000     0.000000   0.000000     0.000000       0.0       0.0  0.000          0.000000
483  0.000000     0.000000   0.000000     0.000000       0.0       0.0  0.000          0.000000
484  0.000000     0.000000   0.000000     0.000000       0.0       0.0  0.000          0.000000
485  0.000000     0.000000   0.000000     0.000000       0.0       0.0  0.000          0.000000
486  0.000000     0.000000   0.000000     0.000000       0.0       0.0  0.000          0.000000
487  0.000000     0.000000   0.000000     0.000000       0.0       0.0  0.000          0.000000
488  0.000000     0.000000   0.000000     0.000000       0.0       0.0  0.000          0.000000
489  0.000000     0.000000   0.000000     0.000000       0.0       0.0  0.000          0.000000
490  0.000000     0.000000   0.000000     0.000000       0.0       0.0  0.000          0.000000
491  0.000000     0.000000   0.000000     0.000000       0.0       0.0  0.000          0.000000
492  0.000000     0.000000   0.000000     0.000000       0.0       0.0  0.000          0.000000
493  0.000000     0.000000   0.000000     0.000000       0.0       0.0  0.000          0.000000
494  0.000000     0.000000   0.000000     0.000000       0.0       0.0  0.000          0.000000
495  0.000000     0.000000   0.000000     0.000000       0.0       0.0  0.000          0.000000
496  0.000000     0.000000   0.000000     0.000000       0.0       0.0  0.000          0.000000
497  0.000000     0.000000   0.000000     0.000000       0.0       0.0  0.000          0.000000
498  0.000000     0.000000   0.000000     0.000000       0.0       0.0  0.000          0.000000
499  0.000000     0.000000   0.000000     0.000000       0.0       0.0  0.000          0.000000
500  7.544022    64.883831   7.971559     0.001455   65536.0       0.1  0.001          0.979858
501  3.328783    15.551369   4.470575     0.000148   65536.0       0.1  0.001          0.979362
502  3.256821    14.828133   4.221247     0.000131   65536.0       0.1  0.001          0.979347
503  3.256854    15.330102   4.723006     0.000137   65536.0       0.1  0.001          0.979340
504  3.256671    15.195227   4.589324     0.000135   65536.0       0.1  0.001          0.979340
505  3.256661    15.173806   4.567969     0.000135   65536.0       0.1  0.001          0.979340
506  3.256660    15.170043   4.564207     0.000135   65536.0       0.1  0.001          0.979340
507  3.256660    15.169310   4.563474     0.000134   65536.0       0.1  0.001          0.979340
508  3.256660    15.169163   4.563328     0.000134   65536.0       0.1  0.001          0.979340
509  0.000000     0.000000   0.000000     0.000000       0.0       0.0  0.000          0.000000
510  0.000000     0.000000   0.000000     0.000000       0.0       0.0  0.000          0.000000
511  0.000000     0.000000   0.000000     0.000000       0.0       0.0  0.000          0.000000
512  0.000000     0.000000   0.000000     0.000000       0.0       0.0  0.000          0.000000
513  0.000000     0.000000   0.000000     0.000000       0.0       0.0  0.000          0.000000
514  0.000000     0.000000   0.000000     0.000000       0.0       0.0  0.000          0.000000
515  0.000000     0.000000   0.000000     0.000000       0.0       0.0  0.000          0.000000
516  0.000000     0.000000   0.000000     0.000000       0.0       0.0  0.000          0.000000
517  0.000000     0.000000   0.000000     0.000000       0.0       0.0  0.000          0.000000
518  0.000000     0.000000   0.000000     0.000000       0.0       0.0  0.000          0.000000
519  0.000000     0.000000   0.000000     0.000000       0.0       0.0  0.000          0.000000
520  0.000000     0.000000   0.000000     0.000000       0.0       0.0  0.000          0.000000
521  0.000000     0.000000   0.000000     0.000000       0.0       0.0  0.000          0.000000
522  0.000000     0.000000   0.000000     0.000000       0.0       0.0  0.000          0.000000
523  0.000000     0.000000   0.000000     0.000000       0.0       0.0  0.000          0.000000
524  0.000000     0.000000   0.000000     0.000000       0.0       0.0  0.000          0.000000
525  0.000000     0.000000   0.000000     0.000000       0.0       0.0  0.000          0.000000
526  0.000000     0.000000   0.000000     0.000000       0.0       0.0  0.000          0.000000
527  0.000000     0.000000   0.000000     0.000000       0.0       0.0  0.000          0.000000
528  0.000000     0.000000   0.000000     0.000000       0.0       0.0  0.000          0.000000
529  0.000000     0.000000   0.000000     0.000000       0.0       0.0  0.000          0.000000
530  0.000000     0.000000   0.000000     0.000000       0.0       0.0  0.000          0.000000
531  0.000000     0.000000   0.000000     0.000000       0.0       0.0  0.000          0.000000
532  0.000000     0.000000   0.000000     0.000000       0.0       0.0  0.000          0.000000
533  0.000000     0.000000   0.000000     0.000000       0.0       0.0  0.000          0.000000
534  0.000000     0.000000   0.000000     0.000000       0.0       0.0  0.000          0.000000
535  0.000000     0.000000   0.000000     0.000000       0.0       0.0  0.000          0.000000
536  0.000000     0.000000   0.000000     0.000000       0.0       0.0  0.000          0.000000
537  0.000000     0.000000   0.000000     0.000000       0.0       0.0  0.000          0.000000
538  0.000000     0.000000   0.000000     0.000000       0.0       0.0  0.000          0.000000
539  0.000000     0.000000   0.000000     0.000000       0.0       0.0  0.000          0.000000
540  0.000000     0.000000   0.000000     0.000000       0.0       0.0  0.000          0.000000
541  0.000000     0.000000   0.000000     0.000000       0.0       0.0  0.000          0.000000
542  0.000000     0.000000   0.000000     0.000000       0.0       0.0  0.000          0.000000
543  0.000000     0.000000   0.000000     0.000000       0.0       0.0  0.000          0.000000
544  0.000000     0.000000   0.000000     0.000000       0.0       0.0  0.000          0.000000
545  0.000000     0.000000   0.000000     0.000000       0.0       0.0  0.000          0.000000
546  0.000000     0.000000   0.000000     0.000000       0.0       0.0  0.000          0.000000
547  0.000000     0.000000   0.000000     0.000000       0.0       0.0  0.000          0.000000
548  0.000000     0.000000   0.000000     0.000000       0.0       0.0  0.000          0.000000
549  0.000000     0.000000   0.000000     0.000000       0.0       0.0  0.000          0.000000
550  7.544022    64.883831   7.971559     0.001455   65536.0       0.1  0.005          0.979858
551  3.318145    15.553319   4.543230     0.000147   65536.0       0.1  0.005          0.979317
552  3.256388    14.838954   4.234893     0.000131   65536.0       0.1  0.005          0.979347
553  3.257022    15.408104   4.799911     0.000138   65536.0       0.1  0.005          0.979340
554  3.256752    15.227660   4.621225     0.000135   65536.0       0.1  0.005          0.979340
555  3.256721    15.197992   4.591763     0.000135   65536.0       0.1  0.005          0.979340
556  3.256716    15.192632   4.586435     0.000135   65536.0       0.1  0.005          0.979340
557  3.256715    15.191566   4.585375     0.000135   65536.0       0.1  0.005          0.979340
558  3.256715    15.191349   4.585160     0.000135   65536.0       0.1  0.005          0.979340
559  3.256714    15.191305   4.585116     0.000135   65536.0       0.1  0.005          0.979340
560  3.256714    15.191296   4.585106     0.000135   65536.0       0.1  0.005          0.979340
561  0.000000     0.000000   0.000000     0.000000       0.0       0.0  0.000          0.000000
562  0.000000     0.000000   0.000000     0.000000       0.0       0.0  0.000          0.000000
563  0.000000     0.000000   0.000000     0.000000       0.0       0.0  0.000          0.000000
564  0.000000     0.000000   0.000000     0.000000       0.0       0.0  0.000          0.000000
565  0.000000     0.000000   0.000000     0.000000       0.0       0.0  0.000          0.000000
566  0.000000     0.000000   0.000000     0.000000       0.0       0.0  0.000          0.000000
567  0.000000     0.000000   0.000000     0.000000       0.0       0.0  0.000          0.000000
568  0.000000     0.000000   0.000000     0.000000       0.0       0.0  0.000          0.000000
569  0.000000     0.000000   0.000000     0.000000       0.0       0.0  0.000          0.000000
570  0.000000     0.000000   0.000000     0.000000       0.0       0.0  0.000          0.000000
571  0.000000     0.000000   0.000000     0.000000       0.0       0.0  0.000          0.000000
572  0.000000     0.000000   0.000000     0.000000       0.0       0.0  0.000          0.000000
573  0.000000     0.000000   0.000000     0.000000       0.0       0.0  0.000          0.000000
574  0.000000     0.000000   0.000000     0.000000       0.0       0.0  0.000          0.000000
575  0.000000     0.000000   0.000000     0.000000       0.0       0.0  0.000          0.000000
576  0.000000     0.000000   0.000000     0.000000       0.0       0.0  0.000          0.000000
577  0.000000     0.000000   0.000000     0.000000       0.0       0.0  0.000          0.000000
578  0.000000     0.000000   0.000000     0.000000       0.0       0.0  0.000          0.000000
579  0.000000     0.000000   0.000000     0.000000       0.0       0.0  0.000          0.000000
580  0.000000     0.000000   0.000000     0.000000       0.0       0.0  0.000          0.000000
581  0.000000     0.000000   0.000000     0.000000       0.0       0.0  0.000          0.000000
582  0.000000     0.000000   0.000000     0.000000       0.0       0.0  0.000          0.000000
583  0.000000     0.000000   0.000000     0.000000       0.0       0.0  0.000          0.000000
584  0.000000     0.000000   0.000000     0.000000       0.0       0.0  0.000          0.000000
585  0.000000     0.000000   0.000000     0.000000       0.0       0.0  0.000          0.000000
586  0.000000     0.000000   0.000000     0.000000       0.0       0.0  0.000          0.000000
587  0.000000     0.000000   0.000000     0.000000       0.0       0.0  0.000          0.000000
588  0.000000     0.000000   0.000000     0.000000       0.0       0.0  0.000          0.000000
589  0.000000     0.000000   0.000000     0.000000       0.0       0.0  0.000          0.000000
590  0.000000     0.000000   0.000000     0.000000       0.0       0.0  0.000          0.000000
591  0.000000     0.000000   0.000000     0.000000       0.0       0.0  0.000          0.000000
592  0.000000     0.000000   0.000000     0.000000       0.0       0.0  0.000          0.000000
593  0.000000     0.000000   0.000000     0.000000       0.0       0.0  0.000          0.000000
594  0.000000     0.000000   0.000000     0.000000       0.0       0.0  0.000          0.000000
595  0.000000     0.000000   0.000000     0.000000       0.0       0.0  0.000          0.000000
596  0.000000     0.000000   0.000000     0.000000       0.0       0.0  0.000          0.000000
597  0.000000     0.000000   0.000000     0.000000       0.0       0.0  0.000          0.000000
598  0.000000     0.000000   0.000000     0.000000       0.0       0.0  0.000          0.000000
599  0.000000     0.000000   0.000000     0.000000       0.0       0.0  0.000          0.000000
600  7.544022    64.883831   7.971559     0.001455   65536.0       0.1  0.010          0.979858
601  3.306148    15.532369   4.601752     0.000145   65536.0       0.1  0.010          0.979294
602  3.255949    14.850708   4.249504     0.000131   65536.0       0.1  0.010          0.979347
603  3.257267    15.523784   4.913999     0.000140   65536.0       0.1  0.010          0.979340
604  3.256861    15.272234   4.665090     0.000136   65536.0       0.1  0.010          0.979340
605  3.256800    15.230333   4.623590     0.000135   65536.0       0.1  0.010          0.979340
606  3.256788    15.222613   4.615943     0.000135   65536.0       0.1  0.010          0.979340
607  3.256786    15.221049   4.614394     0.000135   65536.0       0.1  0.010          0.979340
608  3.256786    15.220725   4.614073     0.000135   65536.0       0.1  0.010          0.979340
609  3.256785    15.220658   4.614007     0.000135   65536.0       0.1  0.010          0.979340
610  3.256785    15.220644   4.613993     0.000135   65536.0       0.1  0.010          0.979340
611  3.256785    15.220641   4.613990     0.000135   65536.0       0.1  0.010          0.979340
612  0.000000     0.000000   0.000000     0.000000       0.0       0.0  0.000          0.000000
613  0.000000     0.000000   0.000000     0.000000       0.0       0.0  0.000          0.000000
614  0.000000     0.000000   0.000000     0.000000       0.0       0.0  0.000          0.000000
615  0.000000     0.000000   0.000000     0.000000       0.0       0.0  0.000          0.000000
616  0.000000     0.000000   0.000000     0.000000       0.0       0.0  0.000          0.000000
617  0.000000     0.000000   0.000000     0.000000       0.0       0.0  0.000          0.000000
618  0.000000     0.000000   0.000000     0.000000       0.0       0.0  0.000          0.000000
619  0.000000     0.000000   0.000000     0.000000       0.0       0.0  0.000          0.000000
620  0.000000     0.000000   0.000000     0.000000       0.0       0.0  0.000          0.000000
621  0.000000     0.000000   0.000000     0.000000       0.0       0.0  0.000          0.000000
622  0.000000     0.000000   0.000000     0.000000       0.0       0.0  0.000          0.000000
623  0.000000     0.000000   0.000000     0.000000       0.0       0.0  0.000          0.000000
624  0.000000     0.000000   0.000000     0.000000       0.0       0.0  0.000          0.000000
625  0.000000     0.000000   0.000000     0.000000       0.0       0.0  0.000          0.000000
626  0.000000     0.000000   0.000000     0.000000       0.0       0.0  0.000          0.000000
627  0.000000     0.000000   0.000000     0.000000       0.0       0.0  0.000          0.000000
628  0.000000     0.000000   0.000000     0.000000       0.0       0.0  0.000          0.000000
629  0.000000     0.000000   0.000000     0.000000       0.0       0.0  0.000          0.000000
630  0.000000     0.000000   0.000000     0.000000       0.0       0.0  0.000          0.000000
631  0.000000     0.000000   0.000000     0.000000       0.0       0.0  0.000          0.000000
632  0.000000     0.000000   0.000000     0.000000       0.0       0.0  0.000          0.000000
633  0.000000     0.000000   0.000000     0.000000       0.0       0.0  0.000          0.000000
634  0.000000     0.000000   0.000000     0.000000       0.0       0.0  0.000          0.000000
635  0.000000     0.000000   0.000000     0.000000       0.0       0.0  0.000          0.000000
636  0.000000     0.000000   0.000000     0.000000       0.0       0.0  0.000          0.000000
637  0.000000     0.000000   0.000000     0.000000       0.0       0.0  0.000          0.000000
638  0.000000     0.000000   0.000000     0.000000       0.0       0.0  0.000          0.000000
639  0.000000     0.000000   0.000000     0.000000       0.0       0.0  0.000          0.000000
640  0.000000     0.000000   0.000000     0.000000       0.0       0.0  0.000          0.000000
641  0.000000     0.000000   0.000000     0.000000       0.0       0.0  0.000          0.000000
642  0.000000     0.000000   0.000000     0.000000       0.0       0.0  0.000          0.000000
643  0.000000     0.000000   0.000000     0.000000       0.0       0.0  0.000          0.000000
644  0.000000     0.000000   0.000000     0.000000       0.0       0.0  0.000          0.000000
645  0.000000     0.000000   0.000000     0.000000       0.0       0.0  0.000          0.000000
646  0.000000     0.000000   0.000000     0.000000       0.0       0.0  0.000          0.000000
647  0.000000     0.000000   0.000000     0.000000       0.0       0.0  0.000          0.000000
648  0.000000     0.000000   0.000000     0.000000       0.0       0.0  0.000          0.000000
649  0.000000     0.000000   0.000000     0.000000       0.0       0.0  0.000          0.000000
650  7.544022    64.883831   7.971559     0.001455   65536.0       0.1  0.050          0.979858
651  3.252133    14.759277   4.182908     0.000130   65536.0       0.1  0.050          0.979324
652  3.254896    14.864037   4.269689     0.000131   65536.0       0.1  0.050          0.979347
653  3.261482    18.453877   7.816614     0.000183   65536.0       0.1  0.050          0.979340
654  3.257845    15.715633   5.102077     0.000142   65536.0       0.1  0.050          0.979340
655  3.257424    15.493361   4.882548     0.000139   65536.0       0.1  0.050          0.979340
656  3.257344    15.453567   4.843279     0.000139   65536.0       0.1  0.050          0.979340
657  3.257326    15.444915   4.834742     0.000138   65536.0       0.1  0.050          0.979340
658  3.257322    15.442950   4.832803     0.000138   65536.0       0.1  0.050          0.979340
659  3.257321    15.442500   4.832359     0.000138   65536.0       0.1  0.050          0.979340
660  3.257321    15.442397   4.832257     0.000138   65536.0       0.1  0.050          0.979340
661  3.257321    15.442373   4.832234     0.000138   65536.0       0.1  0.050          0.979340
662  3.257321    15.442368   4.832229     0.000138   65536.0       0.1  0.050          0.979340
663  3.257321    15.442366   4.832228     0.000138   65536.0       0.1  0.050          0.979340
664  0.000000     0.000000   0.000000     0.000000       0.0       0.0  0.000          0.000000
665  0.000000     0.000000   0.000000     0.000000       0.0       0.0  0.000          0.000000
666  0.000000     0.000000   0.000000     0.000000       0.0       0.0  0.000          0.000000
667  0.000000     0.000000   0.000000     0.000000       0.0       0.0  0.000          0.000000
668  0.000000     0.000000   0.000000     0.000000       0.0       0.0  0.000          0.000000
669  0.000000     0.000000   0.000000     0.000000       0.0       0.0  0.000          0.000000
670  0.000000     0.000000   0.000000     0.000000       0.0       0.0  0.000          0.000000
671  0.000000     0.000000   0.000000     0.000000       0.0       0.0  0.000          0.000000
672  0.000000     0.000000   0.000000     0.000000       0.0       0.0  0.000          0.000000
673  0.000000     0.000000   0.000000     0.000000       0.0       0.0  0.000          0.000000
674  0.000000     0.000000   0.000000     0.000000       0.0       0.0  0.000          0.000000
675  0.000000     0.000000   0.000000     0.000000       0.0       0.0  0.000          0.000000
676  0.000000     0.000000   0.000000     0.000000       0.0       0.0  0.000          0.000000
677  0.000000     0.000000   0.000000     0.000000       0.0       0.0  0.000          0.000000
678  0.000000     0.000000   0.000000     0.000000       0.0       0.0  0.000          0.000000
679  0.000000     0.000000   0.000000     0.000000       0.0       0.0  0.000          0.000000
680  0.000000     0.000000   0.000000     0.000000       0.0       0.0  0.000          0.000000
681  0.000000     0.000000   0.000000     0.000000       0.0       0.0  0.000          0.000000
682  0.000000     0.000000   0.000000     0.000000       0.0       0.0  0.000          0.000000
683  0.000000     0.000000   0.000000     0.000000       0.0       0.0  0.000          0.000000
684  0.000000     0.000000   0.000000     0.000000       0.0       0.0  0.000          0.000000
685  0.000000     0.000000   0.000000     0.000000       0.0       0.0  0.000          0.000000
686  0.000000     0.000000   0.000000     0.000000       0.0       0.0  0.000          0.000000
687  0.000000     0.000000   0.000000     0.000000       0.0       0.0  0.000          0.000000
688  0.000000     0.000000   0.000000     0.000000       0.0       0.0  0.000          0.000000
689  0.000000     0.000000   0.000000     0.000000       0.0       0.0  0.000          0.000000
690  0.000000     0.000000   0.000000     0.000000       0.0       0.0  0.000          0.000000
691  0.000000     0.000000   0.000000     0.000000       0.0       0.0  0.000          0.000000
692  0.000000     0.000000   0.000000     0.000000       0.0       0.0  0.000          0.000000
693  0.000000     0.000000   0.000000     0.000000       0.0       0.0  0.000          0.000000
694  0.000000     0.000000   0.000000     0.000000       0.0       0.0  0.000          0.000000
695  0.000000     0.000000   0.000000     0.000000       0.0       0.0  0.000          0.000000
696  0.000000     0.000000   0.000000     0.000000       0.0       0.0  0.000          0.000000
697  0.000000     0.000000   0.000000     0.000000       0.0       0.0  0.000          0.000000
698  0.000000     0.000000   0.000000     0.000000       0.0       0.0  0.000          0.000000
699  0.000000     0.000000   0.000000     0.000000       0.0       0.0  0.000          0.000000
700  7.544022    64.883831   7.971559     0.001455   65536.0       0.1  0.100          0.979858
701  3.291010    15.572613   4.741863     0.000156   65536.0       0.1  0.100          0.979446
702  3.255376    14.905332   4.307858     0.000132   65536.0       0.1  0.100          0.979347
703  3.265166    22.015858  11.354550     0.000236   65536.0       0.1  0.100          0.979340
704  3.258471    15.878258   5.260626     0.000146   65536.0       0.1  0.100          0.979340
705  3.257942    15.647215   5.033027     0.000142   65536.0       0.1  0.100          0.979340
706  3.257816    15.597392   4.984025     0.000141   65536.0       0.1  0.100          0.979340
707  3.257784    15.584860   4.971704     0.000141   65536.0       0.1  0.100          0.979340
708  3.257776    15.581632   4.968529     0.000141   65536.0       0.1  0.100          0.979340
709  3.257773    15.580798   4.967710     0.000141   65536.0       0.1  0.100          0.979340
710  3.257773    15.580584   4.967499     0.000141   65536.0       0.1  0.100          0.979340
711  3.257773    15.580529   4.967445     0.000141   65536.0       0.1  0.100          0.979340
712  3.257773    15.580514   4.967431     0.000141   65536.0       0.1  0.100          0.979340
713  3.257773    15.580511   4.967428     0.000141   65536.0       0.1  0.100          0.979340
714  0.000000     0.000000   0.000000     0.000000       0.0       0.0  0.000          0.000000
715  0.000000     0.000000   0.000000     0.000000       0.0       0.0  0.000          0.000000
716  0.000000     0.000000   0.000000     0.000000       0.0       0.0  0.000          0.000000
717  0.000000     0.000000   0.000000     0.000000       0.0       0.0  0.000          0.000000
718  0.000000     0.000000   0.000000     0.000000       0.0       0.0  0.000          0.000000
719  0.000000     0.000000   0.000000     0.000000       0.0       0.0  0.000          0.000000
720  0.000000     0.000000   0.000000     0.000000       0.0       0.0  0.000          0.000000
721  0.000000     0.000000   0.000000     0.000000       0.0       0.0  0.000          0.000000
722  0.000000     0.000000   0.000000     0.000000       0.0       0.0  0.000          0.000000
723  0.000000     0.000000   0.000000     0.000000       0.0       0.0  0.000          0.000000
724  0.000000     0.000000   0.000000     0.000000       0.0       0.0  0.000          0.000000
725  0.000000     0.000000   0.000000     0.000000       0.0       0.0  0.000          0.000000
726  0.000000     0.000000   0.000000     0.000000       0.0       0.0  0.000          0.000000
727  0.000000     0.000000   0.000000     0.000000       0.0       0.0  0.000          0.000000
728  0.000000     0.000000   0.000000     0.000000       0.0       0.0  0.000          0.000000
729  0.000000     0.000000   0.000000     0.000000       0.0       0.0  0.000          0.000000
730  0.000000     0.000000   0.000000     0.000000       0.0       0.0  0.000          0.000000
731  0.000000     0.000000   0.000000     0.000000       0.0       0.0  0.000          0.000000
732  0.000000     0.000000   0.000000     0.000000       0.0       0.0  0.000          0.000000
733  0.000000     0.000000   0.000000     0.000000       0.0       0.0  0.000          0.000000
734  0.000000     0.000000   0.000000     0.000000       0.0       0.0  0.000          0.000000
735  0.000000     0.000000   0.000000     0.000000       0.0       0.0  0.000          0.000000
736  0.000000     0.000000   0.000000     0.000000       0.0       0.0  0.000          0.000000
737  0.000000     0.000000   0.000000     0.000000       0.0       0.0  0.000          0.000000
738  0.000000     0.000000   0.000000     0.000000       0.0       0.0  0.000          0.000000
739  0.000000     0.000000   0.000000     0.000000       0.0       0.0  0.000          0.000000
740  0.000000     0.000000   0.000000     0.000000       0.0       0.0  0.000          0.000000
741  0.000000     0.000000   0.000000     0.000000       0.0       0.0  0.000          0.000000
742  0.000000     0.000000   0.000000     0.000000       0.0       0.0  0.000          0.000000
743  0.000000     0.000000   0.000000     0.000000       0.0       0.0  0.000          0.000000
744  0.000000     0.000000   0.000000     0.000000       0.0       0.0  0.000          0.000000
745  0.000000     0.000000   0.000000     0.000000       0.0       0.0  0.000          0.000000
746  0.000000     0.000000   0.000000     0.000000       0.0       0.0  0.000          0.000000
747  0.000000     0.000000   0.000000     0.000000       0.0       0.0  0.000          0.000000
748  0.000000     0.000000   0.000000     0.000000       0.0       0.0  0.000          0.000000
749  0.000000     0.000000   0.000000     0.000000       0.0       0.0  0.000          0.000000