         ThreadNr.             Alpha            Energy     EnergySquared          Variance           BootVar       BlockingVar   AcceptanceRatio        TotalSteps          TimeStep
                 0               0.2         213.46452         45929.044         361.94401                 0                 0        0.99999523           1048576             0.001
                 0              0.25         185.41447         34552.462         173.93507                 0                 0        0.99999142           1048576             0.001
                 0               0.3         170.87975         29290.803         90.913641                 0                 0        0.99998951           1048576             0.001
                 0              0.35         157.10386         24700.497         18.873632                 0                 0        0.99999142           1048576             0.001
                 0               0.4         155.28021         24120.575         8.6307502                 0                 0        0.99999142           1048576             0.001
                 0              0.45         151.15837         22849.805        0.95133186                 0                 0        0.99999332           1048576             0.001
                 0               0.5               150             22500                 0                 0                 0        0.99998474           1048576             0.001
                 0              0.55         150.97905         22795.641        0.96765717                 0                 0        0.99997997           1048576             0.001
                 0               0.6         152.14872         23153.608         4.3761995                 0                 0        0.99997902           1048576             0.001
                 0              0.65         153.74787         23645.636         7.2279495                 0                 0        0.99997616           1048576             0.001
                 0               0.7          158.6568          25191.41         19.430766                 0                 0        0.99997425           1048576             0.001
                 0              0.75         160.53719         25803.404         31.213951                 0                 0        0.99997616           1048576             0.001
                 0               0.8         165.99165         27584.309         31.082428                 0                 0        0.99996376           1048576             0.001
                 0              0.85         168.65073         28491.992         48.923936                 0                 0        0.99996471           1048576             0.001
                 0               0.9         175.78837         30958.477         56.924569                 0                 0        0.99997234           1048576             0.001
                 0              0.95         182.18341         33282.179         91.382386                 0                 0        0.99997234           1048576             0.001
                 0               0.2         216.42525         46960.112          120.2235                 0                 0        0.99989605           1048576              0.01
                 0              0.25         186.83243         34980.221         73.863326                 0                 0        0.99985981           1048576              0.01
                 0               0.3         168.05258         28285.698         44.029515                 0                 0        0.99979305           1048576              0.01
                 0              0.35         159.80447          25558.27         20.800878                 0                 0        0.99975204           1048576              0.01
                 0               0.4         153.74329         23644.566         7.5674667                 0                 0        0.99967289           1048576              0.01
                 0              0.45         150.64513         22695.551         1.5950573                 0                 0        0.99960518           1048576              0.01
                 0               0.5               150             22500                 0                 0                 0         0.9995451           1048576              0.01
                 0              0.55         150.82073         22748.483         1.5906845                 0                 0        0.99950123           1048576              0.01
                 0               0.6         152.32434         23207.742         5.0389509                 0                 0         0.9994545           1048576              0.01
                 0              0.65         155.40514         24160.024         9.2679514                 0                 0            0.9993           1048576              0.01
                 0               0.7         158.71905          25206.92         15.183421                 0                 0        0.99927235           1048576              0.01
                 0              0.75         162.24067         26351.671         29.635621                 0                 0        0.99918556           1048576              0.01
                 0               0.8         166.95309         27904.587          31.25351                 0                 0        0.99905682           1048576              0.01
                 0              0.85         171.46988         29443.601         41.680216                 0                 0        0.99901962           1048576              0.01
                 0               0.9         177.49305         31559.907         56.123014                 0                 0        0.99891567           1048576              0.01
                 0              0.95         181.33108         32951.318         70.358814                 0                 0        0.99878788           1048576              0.01
                 0               0.2         218.45915         47898.025         173.62373                 0                 0        0.99646091           1048576               0.1
                 0              0.25         186.97632         35050.593         90.448563                 0                 0        0.99498367           1048576               0.1
                 0               0.3         170.39121         29076.811         43.646381                 0                 0        0.99343109           1048576               0.1
                 0              0.35         159.70764         25525.674          19.14498                 0                 0        0.99161339           1048576               0.1
                 0               0.4         153.70096         23631.576         7.5899553                 0                 0        0.98979568           1048576               0.1
                 0              0.45         150.81404         22746.607         1.7311151                 0                 0        0.98787308           1048576               0.1
                 0               0.5               150             22500                 0                 0                 0        0.98586845           1048576               0.1
                 0              0.55         150.63722         22692.926         1.3553372                 0                 0        0.98366356           1048576               0.1
                 0               0.6         152.53681         23272.337         4.8595872                 0                 0        0.98134327           1048576               0.1
                 0              0.65         155.37559         24151.869         10.296131                 0                 0        0.97901344           1048576               0.1
                 0               0.7         158.65887         25190.541           17.9053                 0                 0        0.97644997           1048576               0.1
                 0              0.75         162.44685         26414.402         25.421304                 0                 0         0.9736805           1048576               0.1
                 0               0.8         166.69216         27823.153         36.876548                 0                 0        0.97140694           1048576               0.1
                 0              0.85          171.7555         29548.181           48.2287                 0                 0        0.96836376           1048576               0.1
                 0               0.9          176.5116         31213.746          57.39921                 0                 0        0.96583271           1048576               0.1
                 0              0.95         181.93319          33173.16         73.474598                 0                 0        0.96301937           1048576               0.1
                 0               0.2         218.37973         47863.377          173.6706                 0                 0        0.95984268           1048576               0.5
                 0              0.25         187.33126         35176.817         83.815175                 0                 0        0.94391918           1048576               0.5
                 0               0.3         169.96212         28931.041           43.9182                 0                 0        0.92604256           1048576               0.5
                 0              0.35         159.64127         25505.832         20.497601                 0                 0        0.90712357           1048576               0.5
                 0               0.4         153.71379         23635.387         7.4570212                 0                 0        0.88657188           1048576               0.5
                 0              0.45         150.83674         22753.385         1.6616539                 0                 0        0.86450768           1048576               0.5
                 0               0.5               150             22500                 0                 0                 0        0.84287548           1048576               0.5
                 0              0.55         150.72027         22717.976         1.3753232                 0                 0        0.81868553           1048576               0.5
                 0               0.6         152.53232         23271.091         4.9824775                 0                 0        0.79496956           1048576               0.5
                 0              0.65         155.14709          24081.18         10.559259                 0                 0        0.76906681           1048576               0.5
                 0               0.7         158.62753         25180.427          17.73408                 0                 0        0.74343491           1048576               0.5
                 0              0.75         162.39431          26397.95         26.037494                 0                 0        0.71782112           1048576               0.5
                 0               0.8         166.54735         27774.771         36.750946                 0                 0        0.69111824           1048576               0.5
                 0              0.85         171.53345         29471.684         47.958816                 0                 0        0.66440582           1048576               0.5
                 0               0.9         176.64389         31260.553         57.487506                 0                 0        0.63683033           1048576               0.5
                 0              0.95          182.1685         33255.906          70.54215                 0                 0        0.61022854           1048576               0.5
                 0               0.2         217.88536         47636.108         162.07622                 0                 0        0.88702202           1048576                 1
                 0              0.25         187.38429          35198.67         85.797717                 0                 0        0.84255886           1048576                 1
                 0               0.3         170.00599         28943.769         41.732694                 0                 0        0.79450321           1048576                 1
                 0              0.35         159.61867         25497.845         19.723746                 0                 0        0.74432564           1048576                 1
                 0               0.4         153.79272         23660.015         7.8149867                 0                 0        0.69116783           1048576                 1
                 0              0.45         150.77515         22734.874         1.7296638                 0                 0        0.63642693           1048576                 1
                 0               0.5               150             22500                 0                 0                 0        0.58299828           1048576                 1
                 0              0.55         150.65616         22698.673         1.3936726                 0                 0        0.53096104           1048576                 1
                 0               0.6         152.55722         23278.959         5.2538608                 0                 0        0.47915077           1048576                 1
                 0              0.65         155.17981         24091.941         11.166538                 0                 0        0.43078041           1048576                 1
                 0               0.7         158.53304         25151.512         18.787896                 0                 0        0.38560581           1048576                 1
                 0              0.75         162.59186          26464.07         27.958698                 0                 0        0.34153938           1048576                 1
                 0               0.8          166.7782         27858.667         43.698827                 0                 0        0.30391026           1048576                 1
                 0              0.85         171.68896         29537.566         60.467796                 0                 0        0.26722527           1048576                 1
                 0               0.9         176.79477         31354.611         98.219467                 0                 0        0.23525524           1048576                 1
                 0              0.95         181.84907         33174.473         105.38982                 0                 0        0.20696545           1048576                 1


Time elpased for 1 thread(s): 453.761
