         ThreadNr.             Alpha            Energy     EnergySquared          Variance           BootVar       BlockingVar   AcceptanceRatio        TotalSteps        StepLength
                 0               0.2         71.602137          5126.877       0.010950352                 0                 0        0.99994659           1048576             0.001
                 0              0.25         84.352488         7115.3448      0.0024850898                 0                 0        0.99995041           1048576             0.001
                 0               0.3         97.921759         9588.6741      0.0032140143                 0                 0         0.9999342           1048576             0.001
                 0              0.35         110.72476         12259.973     0.00025238599                 0                 0         0.9999361           1048576             0.001
                 0               0.4         124.58443         15521.282      0.0012397972                 0                 0        0.99991226           1048576             0.001
                 0              0.45         137.69837         18960.843     0.00027571751                 0                 0        0.99988937           1048576             0.001
                 0               0.5               150             22500                 0                 0                 0        0.99990082           1048576             0.001
                 0              0.55         162.62187         26445.871     5.0090872e-05                 0                 0        0.99986076           1048576             0.001
                 0               0.6         174.51311         30454.826     0.00056372772                 0                 0        0.99986649           1048576             0.001
                 0              0.65         186.20096           34670.8      0.0020621506                 0                 0        0.99982548           1048576             0.001
                 0               0.7         197.17559         38878.227       0.012414248                 0                 0        0.99979591           1048576             0.001
                 0              0.75         210.18182         44176.405      0.0083729014                 0                 0        0.99981403           1048576             0.001
                 0               0.8         219.25121         48071.098      0.0049119264                 0                 0        0.99979973           1048576             0.001
                 0              0.85         231.47291         53579.719       0.011364614                 0                 0        0.99979687           1048576             0.001
                 0               0.9         240.92308         58043.945       0.016364107                 0                 0         0.9997654           1048576             0.001
                 0              0.95         255.17646         65115.033      0.0047572077                 0                 0        0.99980068           1048576             0.001
                 0               0.2         76.458476         5855.8514         9.9529016                 0                 0        0.99946213           1048576              0.01
                 0              0.25         92.493936         8566.3539          11.22577                 0                 0        0.99926758           1048576              0.01
                 0               0.3          101.3728         10279.309         2.8633582                 0                 0        0.99917507           1048576              0.01
                 0              0.35         115.74443         13400.292         3.5192393                 0                 0        0.99903584           1048576              0.01
                 0               0.4         126.28572         15949.653         1.5703347                 0                 0        0.99889469           1048576              0.01
                 0              0.45         138.51794         19187.486        0.26555477                 0                 0        0.99878025           1048576              0.01
                 0               0.5               150             22500                 0                 0                 0        0.99858093           1048576              0.01
                 0              0.55         161.20384         25986.898        0.22011859                 0                 0         0.9984951           1048576              0.01
                 0               0.6         172.61806         29797.794         0.8004631                 0                 0        0.99841022           1048576              0.01
                 0              0.65         182.93323         33467.748         3.1827039                 0                 0        0.99830341           1048576              0.01
                 0               0.7         192.14704         36926.019          5.533657                 0                 0        0.99806118           1048576              0.01
                 0              0.75         202.44511         40992.889         8.8679729                 0                 0         0.9979744           1048576              0.01
                 0               0.8         211.72588          44851.23         23.383003                 0                 0        0.99787712           1048576              0.01
                 0              0.85         223.52771         49976.913         12.275661                 0                 0        0.99785805           1048576              0.01
                 0               0.9         233.23731         54428.606         28.962026                 0                 0        0.99762917           1048576              0.01
                 0              0.95          241.9116         58528.064         6.8437981                 0                 0        0.99753189           1048576              0.01
                 0               0.2         208.91362         44062.578          417.6758                 0                 0        0.98328686           1048576               0.1
                 0              0.25         179.67286         32407.197         124.86088                 0                 0        0.98138523           1048576               0.1
                 0               0.3         166.67071         27820.987         41.861393                 0                 0        0.97948742           1048576               0.1
                 0              0.35         158.39778         25131.136          41.27779                 0                 0        0.97768021           1048576               0.1
                 0               0.4         154.64271         23932.147         17.779553                 0                 0        0.97509575           1048576               0.1
                 0              0.45         150.21845         22566.958         1.3766988                 0                 0        0.97472382           1048576               0.1
                 0               0.5               150             22500                 0                 0                 0        0.97290421           1048576               0.1
                 0              0.55         150.54104         22664.093         1.4879971                 0                 0         0.9712553           1048576               0.1
                 0               0.6         152.26743         23188.012         2.6434582                 0                 0        0.97037697           1048576               0.1
                 0              0.65         155.75245         24265.673         6.8483048                 0                 0        0.96907997           1048576               0.1
                 0               0.7         157.28085         24751.172         13.905737                 0                 0        0.96742249           1048576               0.1
                 0              0.75          163.9386         26901.717         25.851495                 0                 0        0.96741772           1048576               0.1
                 0               0.8         168.59034         28454.607         31.903617                 0                 0        0.96607876           1048576               0.1
                 0              0.85         174.03383         30316.715         28.942467                 0                 0        0.96490288           1048576               0.1
                 0               0.9         179.54425         32300.425         64.288549                 0                 0        0.96459389           1048576               0.1
                 0              0.95         180.55801         32639.541         38.345387                 0                 0        0.96245384           1048576               0.1
                 0               0.2         214.99247         46389.312         167.54947                 0                 0          0.914855           1048576               0.5
                 0              0.25         186.75538         34977.758         100.18656                 0                 0         0.9048481           1048576               0.5
                 0               0.3         170.42227         29084.109         40.358235                 0                 0        0.89536381           1048576               0.5
                 0              0.35         159.52434         25468.453         20.436894                 0                 0        0.88751888           1048576               0.5
                 0               0.4         153.99387         23721.936         7.8255778                 0                 0        0.87956142           1048576               0.5
                 0              0.45          150.9772          22795.82         1.7057236                 0                 0        0.87180233           1048576               0.5
                 0               0.5               150             22500                 0                 0                 0        0.86542511           1048576               0.5
                 0              0.55         150.69844         22711.494         1.4737373                 0                 0        0.85886574           1048576               0.5
                 0               0.6         152.53516         23272.056         5.0818415                 0                 0        0.85229111           1048576               0.5
                 0              0.65         154.91283          24008.27         10.284948                 0                 0        0.84630203           1048576               0.5
                 0               0.7         158.56231         25157.544         15.536759                 0                 0        0.84035683           1048576               0.5
                 0              0.75         162.26084         26355.576         26.995016                 0                 0        0.83590221           1048576               0.5
                 0               0.8          166.9856         27917.614         33.424014                 0                 0        0.83062553           1048576               0.5
                 0              0.85         171.50064          29456.79         44.320005                 0                 0        0.82495117           1048576               0.5
                 0               0.9         176.26493          31127.79         58.463073                 0                 0        0.82019138           1048576               0.5
                 0              0.95         181.97305          33187.77         73.578555                 0                 0        0.81554031           1048576               0.5
                 0               0.2         216.94129         47229.861         166.33909                 0                 0        0.83029747           1048576                 1
                 0              0.25         186.93886         35027.666         81.529376                 0                 0        0.81053734           1048576                 1
                 0               0.3         170.24892         29027.579         42.884985                 0                 0        0.79267311           1048576                 1
                 0              0.35         159.43777         25438.796         18.393632                 0                 0        0.77692413           1048576                 1
                 0               0.4         153.85777         23680.402          8.187645                 0                 0        0.76192379           1048576                 1
                 0              0.45         150.86197         22760.992         1.6567117                 0                 0        0.74865723           1048576                 1
                 0               0.5               150             22500                 0                 0                 0        0.73548985           1048576                 1
                 0              0.55         150.60484          22683.21         1.3920991                 0                 0        0.72332382           1048576                 1
                 0               0.6         152.55944         23279.141         4.7579279                 0                 0         0.7110815           1048576                 1
                 0              0.65         155.37845         24153.599         11.136851                 0                 0        0.70002556           1048576                 1
                 0               0.7         158.55937         25157.509         16.435918                 0                 0        0.68964863           1048576                 1
                 0              0.75         162.24795         26350.239         25.841446                 0                 0         0.6796751           1048576                 1
                 0               0.8         166.90808         27892.195         33.886971                 0                 0        0.67014885           1048576                 1
                 0              0.85         170.92444         29261.482         46.316041                 0                 0        0.66025543           1048576                 1
                 0               0.9         176.29245          31135.61         56.581375                 0                 0        0.65200329           1048576                 1
                 0              0.95         181.58915         33045.696         71.075514                 0                 0        0.64272118           1048576                 1


Time elpased for 1 thread(s): 466.584
