         ThreadNr.             Alpha            Energy     EnergySquared          Variance           BootVar       BlockingVar   AcceptanceRatio        TotalSteps          TimeStep
                 2              0.45         100.55176         10111.762           1.10517                 0                 0        0.99043465           2097152               0.1
                 7               0.4         102.42109          10495.08         4.9991825                 0                 0        0.99195147           2097152               0.1
                 6              0.35         106.41995          11338.96         13.754909                 0                 0        0.99340773           2097152               0.1
                 3               0.3         113.41995         12894.131         30.045153                 0                 0        0.99481535           2097152               0.1
                 0               0.2         144.82221         21084.473         110.99988                 0                 0        0.99716854           2097152               0.1
                 5              0.25         124.80715         15632.712         55.888215                 0                 0        0.99600458           2097152               0.1
                 4              0.55         100.45298         10091.677        0.87498435                 0                 0        0.98684072           2097152               0.1
                 1               0.5               100             10000                 0                 0                 0        0.98875141           2097152               0.1
                 2               0.6         101.68775         10343.735         3.3374537                 0                 0        0.98528671           2097152               0.1
                 7              0.65          103.4808          10715.11         6.8347686                 0                 0        0.98364401           2097152               0.1
                 6               0.7          105.6957         11183.321         11.740607                 0                 0        0.98150206           2097152               0.1
                 3              0.75         108.31962         11750.686         17.545682                 0                 0        0.97964096           2097152               0.1
                 0               0.8         111.26403         12403.686         24.001076                 0                 0        0.97736263           2097152               0.1
                 5              0.85         114.24262         13082.233         30.855834                 0                 0        0.97511339           2097152               0.1
                 1              0.95          121.1837          14731.91         46.420968                 0                 0        0.97071028           2097152               0.1
                 4               0.9         117.80139         13915.811         38.642955                 0                 0        0.97286606           2097152               0.1


Time elpased for 8 thread(s): 43.2456
