         ThreadNr.             Alpha            Energy     EnergySquared          Variance           BootVar       BlockingVar   AcceptanceRatio        TotalSteps          TimeStep
                 3               0.5                10               100                 0                 0                 0        0.98890114           2097152               0.1
                 2              0.25         12.452008         160.63398         5.5814772                 0                 0         0.9960885           2097152               0.1
                 7               0.3           11.3278         131.15977         2.8407204                 0                 0        0.99479198           2097152               0.1
                 0               0.2         14.483865         220.78563         11.003297                 0                 0        0.99721146           2097152               0.1
                 6              0.55         10.045057         100.99362       0.090448981                 0                 0        0.98731565           2097152               0.1
                 4              0.45         10.060831         101.33214        0.11181041                 0                 0        0.99039936           2097152               0.1
                 1               0.4         10.235299         105.26303        0.50169093                 0                 0        0.99198198           2097152               0.1
                 5              0.35         10.639949         114.54293         1.3344236                 0                 0        0.99334764           2097152               0.1
                 2              0.65          10.33673         107.55308        0.70509054                 0                 0        0.98348475           2097152               0.1
                 3               0.6         10.170351         103.76896         0.3329285                 0                 0         0.9854393           2097152               0.1
                 7               0.7         10.570334         112.89735         1.1653858                 0                 0        0.98167896           2097152               0.1
                 0              0.75          10.82767         118.96383         1.7253849                 0                 0        0.97954273           2097152               0.1
                 6               0.8         11.119731         126.01102         2.3626082                 0                 0        0.97743225           2097152               0.1
                 4              0.85         11.441725         133.98939           3.07633                 0                 0        0.97521448           2097152               0.1
                 1               0.9         11.778024          142.5926         3.8707573                 0                 0        0.97297096           2097152               0.1
                 5              0.95         12.140512         152.09506          4.703033                 0                 0        0.97073364           2097152               0.1


Time elpased for 8 thread(s): 6.48399
