         ThreadNr.             Alpha            Energy     EnergySquared          Variance           BootVar       BlockingVar   AcceptanceRatio        TotalSteps          TimeStep
                 1               0.2         1.4496186         3.2014965         1.1001023                 0                 0         0.9971981           2097152               0.1
                 4               0.4          1.025056         1.1012928       0.050553026                 0                 0        0.99196386           2097152               0.1
                 7              0.45          1.005361         1.0218607       0.011109936                 0                 0        0.99038744           2097152               0.1
                 2               0.3         1.1325182         1.5661002        0.28350285                 0                 0        0.99485731           2097152               0.1
                 5              0.35         1.0632483         1.2624173        0.13192028                 0                 0         0.9935689           2097152               0.1
                 6               0.5                 1                 1                 0                 0                 0        0.98874807           2097152               0.1
                 0              0.25         1.2494562         2.1280772        0.56693653                 0                 0        0.99606609           2097152               0.1
                 3              0.55         1.0041826         1.0175952      0.0092125629                 0                 0        0.98721695           2097152               0.1
                 4              0.65         1.0343112          1.140271       0.070471319                 0                 0        0.98348141           2097152               0.1
                 1               0.6         1.0170383         1.0678592       0.033492328                 0                 0        0.98526001           2097152               0.1
                 7               0.7         1.0578185         1.2361051        0.11712504                 0                 0         0.9814229           2097152               0.1
                 2              0.75         1.0844664         1.3486119        0.17254457                 0                 0        0.97944164           2097152               0.1
                 3              0.95         1.2123968         1.9424453        0.47253923                 0                 0        0.97092295           2097152               0.1
                 6              0.85         1.1444806         1.6189984        0.30916255                 0                 0        0.97528601           2097152               0.1
                 5               0.8         1.1120365         1.4750168        0.23839152                 0                 0        0.97739553           2097152               0.1
                 0               0.9         1.1776281         1.7750238        0.38821579                 0                 0        0.97308254           2097152               0.1


Time elpased for 8 thread(s): 3.14748
