         ThreadNr.             Alpha            Energy     EnergySquared          Variance           BootVar       BlockingVar   AcceptanceRatio        TotalSteps          TimeStep      LearningRate
                 5               0.6         245.50771         60290.549         16.512787                 0       0.007254984        0.95081234           1048576               0.1                 0
                 2               0.7         255.29235         65233.827         59.643286                 0       0.018179651        0.93840694           1048576               0.1                 0
                 0               0.4         247.55976          61312.01         26.174511                 0       0.014372909        0.97339916           1048576               0.1                 0
                 3               0.8          268.2644         72085.763         119.97437                 0       0.040982089        0.92504597           1048576               0.1                 0
                 1               0.2         349.83719         122935.74         549.67627                 0        0.54107502        0.99058819           1048576               0.1                 0
                 4               0.5          241.4215         58284.341     5.5221608e-07                 0     1.2353735e-18        0.96263218           1048576               0.1                 0
                 6               0.3         273.84637          75135.36         143.52332                 0       0.089478859         0.9825201           1048576               0.1                 0


Time elpased for 7 thread(s): 1948.24
