         ThreadNr.             Alpha            Energy     EnergySquared          Variance           BootVar       BlockingVar   AcceptanceRatio        TotalSteps          TimeStep      LearningRate
                 0               0.4         2.8558556         8.2582627        0.10235161                 0     1.8191735e-05        0.98959351            131072               0.1              0.05
                 0        0.45709697         2.9267833         8.5817862       0.015725496                 0     2.0988014e-06        0.98831177            131072               0.1              0.05
                 0        0.47644928         2.9592544         8.7614948      0.0043083845                 0     5.5140585e-07        0.98719025            131072               0.1              0.05
                 0         0.4859623         2.9772234         8.8653573      0.0014982351                 0     1.8872619e-07        0.98700714            131072               0.1              0.05
                 0        0.49147004         2.9889381         8.9343052     0.00055425099                 0     6.7810915e-08        0.98703766            131072               0.1              0.05
                 0        0.49477885         2.9945854         8.9677466     0.00020472655                 0     2.4976367e-08        0.98629761            131072               0.1              0.05
                 0        0.49659338         2.9985263          8.991263     0.00010277294                 0     1.0134476e-08        0.98648834            131072               0.1              0.05
                 0        0.49771564         3.0009083           9.00553     7.9202068e-05                 0     7.4140292e-09        0.98661804            131072               0.1              0.05
                 0        0.49840455          3.002085         9.0125633     4.8763487e-05                 0     2.2563932e-09        0.98661804            131072               0.1              0.05
                 0        0.49876911         3.0029402         9.0177001     5.0551542e-05                 0     2.2645227e-09        0.98607635            131072               0.1              0.05
                 0        0.49901042         3.0034123         9.0205385     5.2812846e-05                 0     3.0198151e-09        0.98594666            131072               0.1              0.05
                 0        0.49915013         3.0036112         9.0217192     3.8795836e-05                 0     1.3050743e-09        0.98657227            131072               0.1              0.05
                 0         0.4992316         3.0039013         9.0234868     6.3680049e-05                 0     1.1929712e-08        0.98654938            131072               0.1              0.05
                 0          0.499274         3.0038972         9.0234484     4.9671674e-05                 0     3.2063386e-09        0.98625946            131072               0.1              0.05
                 0        0.49929804          3.003999         9.0240791     6.8999205e-05                 0     1.0618613e-08        0.98644257            131072               0.1              0.05
                 0        0.49931655         3.0040009          9.024068     4.6477145e-05                 0     2.0475032e-09        0.98657227            131072               0.1              0.05
                 0        0.49932707         3.0038994         9.0234542     4.2879048e-05                 0     1.5802183e-09        0.98653412            131072               0.1              0.05
                 0        0.49933335         3.0039996         9.0240594     4.6037105e-05                 0     2.1805874e-09        0.98643494            131072               0.1              0.05
                 0        0.49933625         3.0039405         9.0236954     3.7049925e-05                 0     1.1728666e-09        0.98617554            131072               0.1              0.05
                 0        0.49934505         3.0040401         9.0242992     4.2446074e-05                 0     1.4748192e-09        0.98659515            131072               0.1              0.05
                 0         0.4993497         3.0040108         9.0241343     5.3422294e-05                 0     5.7586477e-09        0.98658752            131072               0.1              0.05
                 0        0.49935441         3.0040476         9.0243436     4.1600307e-05                 0     1.9452628e-09        0.98641205            131072               0.1              0.05
                 0        0.49935255         3.0039803         9.0239356     3.8162627e-05                 0     1.3138097e-09         0.9868927            131072               0.1              0.05
                 0        0.49935415         3.0039088         9.0235037     3.5597201e-05                 0     1.1871787e-09        0.98710632            131072               0.1              0.05
                 0        0.49934711         3.0039917         9.0240086     4.2456622e-05                 0      1.476069e-09        0.98671722            131072               0.1              0.05
                 0        0.49934782          3.004074         9.0245083     4.7447072e-05                 0     1.8494065e-09        0.98581696            131072               0.1              0.05
                 0        0.49934254         3.0040291         9.0242403     4.9514357e-05                 0     2.0738615e-09        0.98584747            131072               0.1              0.05
                 0        0.49934057         3.0039402          9.023694     3.7528561e-05                 0      1.266612e-09        0.98679352            131072               0.1              0.05
                 0        0.49934123         3.0039319         9.0236453     3.8235932e-05                 0      1.336978e-09        0.98659515            131072               0.1              0.05
                 0        0.49933467         3.0039509         9.0237595     3.8549391e-05                 0     1.2785541e-09        0.98672485            131072               0.1              0.05
                 0        0.49933312         3.0039543         9.0237802     3.8568384e-05                 0     1.3134749e-09        0.98638916            131072               0.1              0.05
                 0        0.49934233         3.0039975         9.0240419     4.1172633e-05                 0     1.4533884e-09        0.98607635            131072               0.1              0.05
                 0        0.49934167         3.0040598         9.0244192     4.4052291e-05                 0     1.6155954e-09        0.98639679            131072               0.1              0.05
                 0        0.49934432           3.00397         9.0238774     4.1804418e-05                 0     1.4615471e-09        0.98668671            131072               0.1              0.05
                 0        0.49933883         3.0039725          9.023899     4.8485402e-05                 0     4.0928123e-09        0.98617554            131072               0.1              0.05
                 0        0.49933246         3.0039946         9.0240287     4.5222806e-05                 0     2.3511352e-09        0.98686218            131072               0.1              0.05
                 0        0.49933826         3.0039848         9.0239647     4.0041519e-05                 0     1.3665532e-09        0.98666382            131072               0.1              0.05
                 0        0.49934513         3.0039945         9.0240255     4.2419653e-05                 0     1.5726336e-09        0.98666382            131072               0.1              0.05
                 0        0.49934573         3.0040139         9.0241416     4.2220295e-05                 0     1.6413501e-09        0.98641968            131072               0.1              0.05
                 0        0.49933947          3.003982         9.0239492     4.1112257e-05                 0     1.6725878e-09        0.98642731            131072               0.1              0.05
                 0        0.49933878         3.0040034         9.0240743     3.7734431e-05                 0     1.2797708e-09        0.98679352            131072               0.1              0.05
                 0        0.49935391          3.004176          9.025151      7.743981e-05                 0     1.6898751e-08        0.98605347            131072               0.1              0.05
                 0        0.49933902         3.0040248          9.024225     6.0132259e-05                 0     5.0757419e-09        0.98603821            131072               0.1              0.05
                 0        0.49933259         3.0039972         9.0240385     3.9397379e-05                 0     1.3871305e-09        0.98680115            131072               0.1              0.05
                 0        0.49934251         3.0040325         9.0242583     4.7034026e-05                 0     1.4875842e-09        0.98658752            131072               0.1              0.05
                 0          0.499337         3.0039857         9.0239668      3.691149e-05                 0     1.3213073e-09         0.9865799            131072               0.1              0.05
                 0        0.49934434         3.0039813         9.0239455     4.1643522e-05                 0     1.3552581e-09         0.9859848            131072               0.1              0.05
                 0        0.49933082         3.0040199         9.0241857     5.0113581e-05                 0     2.1076775e-09        0.98602295            131072               0.1              0.05
                 0        0.49933512         3.0039245         9.0236008     3.8147729e-05                 0     1.3056747e-09        0.98670197            131072               0.1              0.05
                 0        0.49934375         3.0039661         9.0238493     3.7284796e-05                 0     1.2203862e-09        0.98677063            131072               0.1              0.05
                 0        0.49935264         3.0040065         9.0240976      4.272858e-05                 0     7.3906792e-10        0.98669815            262144               0.1              0.05
                 0        0.49935528         3.0040331         9.0242538     3.8777634e-05                 0     6.4729924e-10        0.98631668            262144               0.1              0.05
                 0        0.49935507         3.0041044         9.0246942     5.0667549e-05                 0     1.5829503e-09        0.98666763            262144               0.1              0.05
                 0        0.49934819         3.0040186          9.024169     4.1271524e-05                 0     7.3727467e-10        0.98649979            262144               0.1              0.05
                 0        0.49934754         3.0039998         9.0240554     4.0865596e-05                 0     7.3829334e-10        0.98680496            262144               0.1              0.05
                 0        0.49934682         3.0039925         9.0240124     4.1262698e-05                 0     7.3804487e-10        0.98643112            262144               0.1              0.05
                 0         0.4993443         3.0039781         9.0239249      4.044299e-05                 0     6.7629385e-10        0.98651886            262144               0.1              0.05
                 0        0.49935096         3.0040534         9.0243848     4.8212382e-05                 0     1.1484158e-09        0.98583603            262144               0.1              0.05
                 0        0.49934688         3.0039984         9.0240449      3.863147e-05                 0     6.5389368e-10        0.98672867            262144               0.1              0.05
                 0        0.49935128         3.0040633         9.0244487     5.2388478e-05                 0     3.0222838e-09        0.98654938            262144               0.1              0.05
                 0        0.49934567         3.0040319         9.0242494     4.1933435e-05                 0     7.1203698e-10        0.98678207            262144               0.1              0.05
                 0        0.49934933         3.0040094         9.0241128     4.0394641e-05                 0     6.6183694e-10        0.98685074            262144               0.1              0.05
                 0        0.49935385         3.0040979         9.0246571     5.2928707e-05                 0     1.3298255e-09         0.9864502            262144               0.1              0.05
                 0        0.49935372         3.0040524         9.0243758     4.4928109e-05                 0     9.6778964e-10        0.98668671            262144               0.1              0.05
                 0        0.49935144         3.0040165         9.0241654     5.0216506e-05                 0     1.5772772e-09         0.9864006            262144               0.1              0.05
                 0        0.49934476         3.0040907         9.0246183     5.7634091e-05                 0     2.5767356e-09         0.9863472            262144               0.1              0.05
                 0        0.49934123         3.0040101         9.0241204     4.3823527e-05                 0     7.7585979e-10        0.98651123            262144               0.1              0.05
                 0        0.49934339         3.0040933         9.0246359     5.9081016e-05                 0     2.7262117e-09        0.98635864            262144               0.1              0.05
                 0        0.49933662         3.0041523         9.0250168     8.5845977e-05                 0     2.4818008e-08        0.98591614            262144               0.1              0.05
                 0        0.49932219         3.0039391         9.0236897     3.9416899e-05                 0     6.8487349e-10        0.98709106            262144               0.1              0.05
                 0        0.49933834         3.0039658         9.0238527     4.1963003e-05                 0     7.7923477e-10        0.98628616            262144               0.1              0.05
                 0         0.4993417         3.0040839         9.0245785     5.8638722e-05                 0     5.5304366e-09        0.98646164            262144               0.1              0.05
                 0        0.49935073         3.0040441         9.0243284     4.7187595e-05                 0     1.2594614e-09         0.9863472            262144               0.1              0.05
                 0        0.49934459         3.0040166         9.0241576       4.19635e-05                 0     5.9958112e-10         0.9865303            262144               0.1              0.05
                 0        0.49934687         3.0040235          9.024199     4.1866634e-05                 0     6.9299464e-10        0.98673248            262144               0.1              0.05
                 0        0.49934902          3.004013         9.0241396     4.5643429e-05                 0     9.0408628e-10        0.98664093            262144               0.1              0.05
                 0        0.49934619         3.0040762         9.0245296     5.5867411e-05                 0     3.6842071e-09        0.98619843            262144               0.1              0.05
                 0        0.49934209         3.0039986         9.0240474     4.0074608e-05                 0     6.5684672e-10        0.98669052            262144               0.1              0.05
                 0        0.49933925         3.0040308         9.0242469     4.5647506e-05                 0     9.6364017e-10        0.98633957            262144               0.1              0.05
                 0        0.49934608         3.0039993         9.0240574     4.5489559e-05                 0     9.1130062e-10        0.98635483            262144               0.1              0.05
                 0        0.49935271         3.0040279          9.024224     4.0172888e-05                 0     6.8162126e-10        0.98665619            262144               0.1              0.05
                 0        0.49935577         3.0040473         9.0243482     4.8037649e-05                 0     1.3765216e-09        0.98640823            262144               0.1              0.05
                 0        0.49934606         3.0039895         9.0239939     4.1085392e-05                 0     8.3699281e-10        0.98660278            262144               0.1              0.05
                 0        0.49934479         3.0039746         9.0239049     4.1453961e-05                 0     8.4081866e-10        0.98692322            262144               0.1              0.05
                 0        0.49934731         3.0040088         9.0241116     4.3021602e-05                 0     7.7882036e-10         0.9862175            262144               0.1              0.05
                 0        0.49934373         3.0040345         9.0242672     4.4152299e-05                 0     9.3163736e-10        0.98658752            262144               0.1              0.05
                 0         0.4993444         3.0040283         9.0242329     4.6568072e-05                 0     9.2467925e-10        0.98664093            262144               0.1              0.05
                 0        0.49934271         3.0040636           9.02446      6.210844e-05                 0     5.2758788e-09        0.98603439            262144               0.1              0.05
                 0        0.49933033         3.0041684         9.0251275     0.00010002937                 0       3.47987e-08        0.98601532            262144               0.1              0.05
                 0        0.49930902         3.0039554         9.0237924     4.4254966e-05                 0     8.8686176e-10        0.98674393            262144               0.1              0.05
                 0        0.49932603         3.0039735         9.0239021     4.5113194e-05                 0     6.1466807e-10        0.98658371            262144               0.1              0.05
                 0        0.49933038         3.0040019         9.0240713     4.4168418e-05                 0     9.2468413e-10        0.98613358            262144               0.1              0.05
                 0        0.49932747         3.0039641           9.02384      4.000964e-05                 0     6.7774861e-10        0.98650742            262144               0.1              0.05
                 0        0.49934302         3.0039897         9.0240013     4.7005489e-05                 0     1.5652361e-09        0.98652649            262144               0.1              0.05
                 0        0.49934807         3.0040754         9.0245157     4.6739459e-05                 0     8.3766687e-10        0.98600388            262144               0.1              0.05
                 0        0.49934991         3.0039913         9.0240057     4.2261552e-05                 0     7.5413616e-10        0.98678207            262144               0.1              0.05
                 0        0.49935202         3.0039942         9.0240216      4.028228e-05                 0     7.1572359e-10        0.98657227            262144               0.1              0.05
                 0        0.49935728         3.0041254          9.024835     6.5452924e-05                 0     7.4791847e-09        0.98622513            262144               0.1              0.05
                 0        0.49934067         3.0039832         9.0239581     4.2846373e-05                 0     9.6431812e-10        0.98674011            262144               0.1              0.05
                 0        0.49934088         3.0039734         9.0238993     4.3278192e-05                 0      9.520494e-10        0.98686981            262144               0.1              0.05
                 0        0.49935511         3.0040647         9.0244562     5.1726456e-05                 0     1.3501304e-09        0.98633575            262144               0.1            0.0001
                 0        0.49935509         3.0040442         9.0243314     4.9830994e-05                 0     1.5176911e-09        0.98658752            262144               0.1            0.0001
                 0        0.49935508         3.0046406         9.0280812     0.00021578093                 0      1.497007e-07        0.98494339            262144               0.1            0.0001
                 0        0.49935504         3.0040267         9.0242203     4.4214668e-05                 0     9.0952906e-10        0.98663712            262144               0.1            0.0001


Time elpased for 8 thread(s): 31.6561
