         ThreadNr.             Alpha            Energy     EnergySquared          Variance           BootVar       BlockingVar   AcceptanceRatio        TotalSteps          TimeStep
                 2              0.45         100.55683         10113.727         2.0512297                 0                 0        0.99968481           2097152              0.01
                 3               0.4         102.68962         10550.558          5.399569                 0                 0        0.99974298           2097152              0.01
                 1              0.25         124.08479          15445.12         48.083886                 0                 0        0.99988222           2097152              0.01
                 4              0.55         100.39251         10080.661         2.0050555                 0                 0        0.99959803           2097152              0.01
                 5              0.35         106.70329         11398.551           12.9588                 0                 0        0.99979925           2097152              0.01
                 6               0.2         144.09109         20863.927         101.68567                 0                 0        0.99991798           2097152              0.01
                 7               0.5         99.990366         9998.8818        0.80845628                 0                 0        0.99964571           2097152              0.01
                 0               0.3         113.30996         12867.908          28.76039                 0                 0        0.99982882           2097152              0.01
                 3              0.65         103.55713         10732.083         8.0031786                 0                 0        0.99946213           2097152              0.01
                 2               0.6           101.857         10378.967         4.1186731                 0                 0        0.99957275           2097152              0.01
                 4              0.75         108.06836         11696.449         17.678697                 0                 0         0.9993391           2097152              0.01
                 1               0.7         105.54757         11153.794         13.504649                 0                 0        0.99942636           2097152              0.01
                 5               0.8         111.24984         12402.081         25.553918                 0                 0        0.99932146           2097152              0.01
                 7               0.9         117.45692         13838.248         42.119563                 0                 0        0.99917746           2097152              0.01
                 6              0.85         114.44921         13131.624         33.002099                 0                 0        0.99922609           2097152              0.01
                 0              0.95         121.29043         14759.774         48.404878                 0                 0        0.99906397           2097152              0.01


Time elpased for 8 thread(s): 4839.65
