         ThreadNr.             Alpha            Energy     EnergySquared          Variance           BootVar       BlockingVar   AcceptanceRatio        TotalSteps          TimeStep
                 2               0.4         10.211426         104.74459        0.47137226                 0                 0        0.99974298           2097152              0.01
                 6               0.5         9.9998829         99.997789     0.00013209838                 0                 0        0.99964714           2097152              0.01
                 1               0.3         11.348885          131.6501         2.8529099                 0                 0        0.99983835           2097152              0.01
                 0               0.2         14.686367         227.30748         11.618106                 0                 0        0.99990797           2097152              0.01
                 5              0.25         12.444282         160.19492         5.3347747                 0                 0         0.9998703           2097152              0.01
                 7              0.55         10.046622         101.02658       0.091959942                 0                 0        0.99956894           2097152              0.01
                 3              0.45          10.04976         101.10477         0.1070826                 0                 0        0.99971008           2097152              0.01
                 4              0.35          10.64026         114.50231         1.2871684                 0                 0        0.99979591           2097152              0.01
                 2               0.6         10.147305         103.29877        0.33096866                 0                 0        0.99953079           2097152              0.01
                 6              0.65         10.330674         107.43944        0.71660754                 0                 0        0.99946547           2097152              0.01
                 1               0.7         10.552066         112.55514         1.2090367                 0                 0        0.99941158           2097152              0.01
                 0              0.75         10.866773         119.83141         1.7446437                 0                 0        0.99934721           2097152              0.01
                 5               0.8         11.110023         125.78433         2.3517257                 0                 0        0.99930191           2097152              0.01
                 4              0.95         12.148325         152.26911         4.6873169                 0                 0        0.99909306           2097152              0.01
                 7              0.85         11.451844         134.20407         3.0593427                 0                 0        0.99923849           2097152              0.01
                 3               0.9         11.779829         142.60163         3.8372651                 0                 0        0.99918222           2097152              0.01


Time elpased for 8 thread(s): 67.1362
