         ThreadNr.             Alpha            Energy     EnergySquared          Variance           BootVar       BlockingVar   AcceptanceRatio        TotalSteps          TimeStep
                 2               0.3         1.1379242         1.5880436        0.29317207                 0                 0         0.9998498           2097152              0.01
                 3               0.4         1.0241946         1.0994736       0.050499089                 0                 0        0.99975824           2097152              0.01
                 4              0.45          1.004224          1.019437       0.010971064                 0                 0        0.99970388           2097152              0.01
                 1              0.35         1.0638216         1.2638504        0.13213404                 0                 0        0.99978209           2097152              0.01
                 6               0.5        0.99999957        0.99999921     7.5375649e-08                 0                 0        0.99966049           2097152              0.01
                 7              0.55         1.0047657          1.018674      0.0091199838                 0                 0        0.99959755           2097152              0.01
                 5               0.2         1.4560816         3.2616287         1.1414552                 0                 0        0.99990988           2097152              0.01
                 0              0.25          1.239734         2.0842209        0.54728054                 0                 0        0.99988031           2097152              0.01
                 2               0.6         1.0154701         1.0650068       0.033827249                 0                 0        0.99951887           2097152              0.01
                 3              0.65         1.0333166         1.1397875       0.072044346                 0                 0        0.99943972           2097152              0.01
                 1              0.75         1.0793791         1.3413493        0.17628994                 0                 0        0.99934959           2097152              0.01
                 4               0.7         1.0590283         1.2375035        0.11596251                 0                 0        0.99939537           2097152              0.01
                 6               0.8         1.1105921         1.4760927        0.24267784                 0                 0        0.99928236           2097152              0.01
                 5               0.9          1.178614          1.779405        0.39027408                 0                 0        0.99917889           2097152              0.01
                 7              0.85         1.1454721         1.6217397        0.30963327                 0                 0        0.99921799           2097152              0.01
                 0              0.95         1.2155602         1.9422158        0.46462934                 0                 0        0.99906301           2097152              0.01


Time elpased for 8 thread(s): 4.64022
